(lpGBT_number) (number_modules) (sil=0scin=1) (layer) (u/eta) (v/phi) (number_elinks)
0
1024 3 0 35 7 9 2 0 35 8 10 2 0 35 9 11 2 
1233 2 0 41 7 0 2 0 41 8 0 1 
181 2 0 5 9 3 2 0 5 10 3 2 
237 2 0 7 6 8 2 0 7 7 9 2 
515 2 0 19 1 4 3 0 19 1 5 2 
1209 4 0 40 7 3 2 0 40 8 3 2 0 40 9 3 2 0 40 10 3 2 
1210 1 0 40 10 3 2 
456 4 0 15 4 7 2 0 15 5 8 2 0 15 6 9 2 0 15 7 10 2 
457 1 0 15 7 10 2 
945 3 0 34 3 2 2 0 34 4 2 2 0 34 5 2 2 
131 1 0 5 3 2 11 
132 2 0 5 3 2 11 0 5 4 3 7 
133 1 0 5 4 3 7 
538 4 0 19 6 2 2 0 19 7 2 2 0 19 8 2 2 0 19 9 2 2 
539 2 0 19 9 2 2 0 19 10 2 1 
676 4 0 25 6 3 2 0 25 7 4 2 0 25 8 5 2 0 25 9 6 2 
677 2 0 25 9 6 2 0 25 10 7 2 
1365 1 0 46 7 8 1 
94 2 0 3 6 4 5 0 3 7 5 4 
95 3 0 3 7 5 4 0 3 8 6 3 0 3 9 7 2 
1432 2 1 38 0 2 4 1 38 1 2 3 
8 1 0 1 4 0 5 
476 4 0 17 5 0 2 0 17 6 0 2 0 17 7 0 2 0 17 8 0 2 
477 2 0 17 8 0 2 0 17 9 0 1 
1112 3 0 37 8 3 2 0 37 9 3 2 0 37 10 3 1 
1338 4 0 45 5 2 2 0 45 6 2 2 0 45 7 2 2 0 45 6 3 2 
1339 3 0 45 6 3 2 0 45 7 3 2 0 45 7 4 2 
492 4 0 17 6 2 2 0 17 7 2 2 0 17 8 2 2 0 17 9 2 2 
493 2 0 17 9 2 2 0 17 10 2 1 
291 2 0 9 2 9 2 0 9 2 10 1 
513 2 0 19 4 3 3 0 19 5 4 2 
566 3 0 21 5 3 2 0 21 4 2 3 0 21 5 2 2 
1522 2 1 45 0 8 4 1 45 1 8 3 
1295 3 0 43 6 3 2 0 43 7 3 2 0 43 7 4 2 
965 3 0 34 2 3 1 0 34 3 4 2 0 34 4 5 2 
924 3 0 33 1 4 2 0 33 1 3 2 0 33 2 4 2 
1261 4 0 42 4 4 2 0 42 5 5 2 0 42 6 6 2 0 42 7 7 2 
1262 2 0 42 7 7 2 0 42 8 8 2 
1485 2 1 42 0 7 4 1 42 1 7 3 
570 4 0 21 5 5 2 0 21 6 6 2 0 21 7 7 2 0 21 8 8 2 
571 2 0 21 8 8 2 0 21 9 9 2 
720 4 0 27 6 3 2 0 27 7 4 2 0 27 8 5 2 0 27 9 6 2 
721 2 0 27 9 6 2 0 27 10 7 2 
544 4 0 19 3 6 2 0 19 3 7 2 0 19 3 8 2 0 19 3 9 2 
545 2 0 19 3 9 2 0 19 3 10 2 
534 4 0 19 6 4 2 0 19 7 5 2 0 19 8 6 2 0 19 9 7 2 
535 2 0 19 9 7 2 0 19 10 8 1 
729 4 0 27 4 8 2 0 27 4 9 2 0 27 4 10 2 0 27 4 11 1 
881 3 0 32 1 3 2 0 32 1 4 2 0 32 1 5 2 
1289 1 0 43 7 6 1 
839 3 0 31 1 4 2 0 31 1 3 2 0 31 2 4 2 
1100 4 0 37 6 0 2 0 37 7 0 2 0 37 8 0 2 0 37 9 0 1 
379 1 0 13 5 2 3 
1481 2 1 42 0 3 4 1 42 1 3 3 
1206 4 0 40 7 2 2 0 40 8 2 2 0 40 9 2 2 0 40 10 2 1 
414 2 0 15 2 0 6 0 15 3 0 4 
415 2 0 15 3 0 4 0 15 4 0 3 
1518 2 1 45 0 4 4 1 45 1 4 3 
522 4 0 19 5 0 2 0 19 6 0 2 0 19 7 0 2 0 19 8 0 2 
523 2 0 19 8 0 2 0 19 9 0 2 
846 4 0 31 4 5 2 0 31 5 6 2 0 31 6 7 2 0 31 7 8 2 
847 3 0 31 7 8 2 0 31 8 9 2 0 31 9 10 1 
1538 2 1 47 0 0 4 1 47 1 0 3 
382 4 0 13 5 0 2 0 13 6 0 2 0 13 7 0 2 0 13 8 0 2 
383 2 0 13 8 0 2 0 13 9 0 1 
1477 2 1 41 0 11 4 1 41 1 11 3 
1091 3 0 37 2 3 2 0 37 3 4 2 0 37 4 5 2 
404 4 0 13 3 6 2 0 13 3 7 2 0 13 3 8 2 0 13 3 9 2 
405 2 0 13 3 9 2 0 13 3 10 2 
33 1 0 1 8 9 2 
1109 3 0 37 7 4 2 0 37 8 5 2 0 37 9 6 2 
1027 3 0 35 2 9 2 0 35 2 10 2 0 35 2 11 2 
505 3 0 17 4 8 2 0 17 4 9 2 0 17 4 10 2 
722 4 0 27 3 6 2 0 27 3 7 2 0 27 3 8 2 0 27 3 9 2 
723 2 0 27 3 9 2 0 27 3 10 2 
908 4 0 33 6 1 2 0 33 7 1 2 0 33 8 1 2 0 33 9 1 2 
909 2 0 33 9 1 2 0 33 10 1 2 
177 2 0 5 3 6 5 0 5 3 7 4 
178 3 0 5 3 7 4 0 5 3 8 3 0 5 3 9 2 
1106 4 0 37 6 4 2 0 37 7 5 2 0 37 8 6 2 0 37 9 7 2 
1107 1 0 37 9 7 2 
652 3 0 25 3 1 3 0 25 4 1 2 0 25 5 1 2 
1331 1 0 45 7 0 1 
1581 2 1 50 0 7 4 1 50 1 7 3 
567 3 0 21 2 5 2 0 21 2 4 3 0 21 3 5 2 
1025 4 0 35 2 5 2 0 35 2 6 2 0 35 2 7 2 0 35 2 8 2 
1026 1 0 35 2 8 2 
332 3 0 11 5 5 3 0 11 6 6 2 0 11 7 7 2 
765 4 0 29 2 5 2 0 29 2 6 2 0 29 2 7 2 0 29 2 8 2 
766 3 0 29 2 8 2 0 29 2 9 2 0 29 2 10 1 
1439 2 1 38 0 9 4 1 38 1 9 3 
779 4 0 30 6 6 2 0 30 7 7 2 0 30 8 8 2 0 30 9 9 2 
780 2 0 30 9 9 2 0 30 10 10 1 
796 3 0 30 2 3 2 0 30 3 4 2 0 30 4 5 2 
607 1 0 23 1 5 2 
126 1 0 5 2 2 10 
127 2 0 5 2 2 10 0 5 3 3 9 
128 2 0 5 3 3 9 0 5 4 4 6 
129 1 0 5 4 4 6 
184 3 0 5 8 4 3 0 5 9 4 2 0 5 10 4 2 
630 4 0 23 4 6 2 0 23 5 7 2 0 23 6 8 2 0 23 7 9 2 
631 2 0 23 7 9 2 0 23 8 10 2 
1451 2 1 39 0 9 4 1 39 1 9 3 
586 4 0 21 4 6 2 0 21 5 7 2 0 21 6 8 2 0 21 7 9 2 
587 2 0 21 7 9 2 0 21 8 10 2 
1287 1 0 43 7 0 1 
548 4 0 19 4 7 2 0 19 5 8 2 0 19 6 9 2 0 19 7 10 2 
549 1 0 19 7 10 2 
1466 2 1 41 0 0 4 1 41 1 0 3 
922 3 0 33 1 2 2 0 33 2 3 2 0 33 3 4 2 
564 3 0 21 2 3 4 0 21 3 4 2 0 21 4 5 2 
565 1 0 21 4 5 2 
542 4 0 19 6 3 2 0 19 7 4 2 0 19 8 5 2 0 19 9 6 2 
543 2 0 19 9 6 2 0 19 10 7 2 
1
1415 3 0 50 4 6 2 0 50 5 7 2 0 50 4 7 2 
741 4 0 29 5 3 2 0 29 6 4 2 0 29 7 5 2 0 29 8 6 2 
742 3 0 29 8 6 2 0 29 9 7 2 0 29 10 8 1 
1240 4 0 41 5 2 2 0 41 6 2 2 0 41 7 2 2 0 41 8 2 2 
1241 1 0 41 8 2 2 
769 4 0 29 3 7 2 0 29 3 8 2 0 29 3 9 2 0 29 3 10 2 
770 1 0 29 3 10 2 
1057 4 0 36 7 4 2 0 36 8 5 2 0 36 9 6 2 0 36 10 7 2 
1058 2 0 36 10 7 2 0 36 11 8 2 
349 2 0 11 2 9 2 0 11 2 10 1 
951 4 0 34 6 2 2 0 34 7 2 2 0 34 8 2 2 0 34 9 2 2 
952 3 0 34 9 2 2 0 34 10 2 2 0 34 11 2 2 
1177 3 0 39 2 1 1 0 39 3 3 2 0 39 4 4 2 
1509 2 1 44 0 7 4 1 44 1 7 3 
509 1 0 19 4 0 2 
1094 3 0 37 2 4 2 0 37 3 5 2 0 37 2 5 2 
26 2 0 1 5 4 4 0 1 6 5 3 
1034 3 0 35 4 9 2 0 35 4 10 2 0 35 4 11 2 
1053 4 0 36 6 4 2 0 36 7 5 2 0 36 8 6 2 0 36 9 7 2 
1054 3 0 36 9 7 2 0 36 10 8 2 0 36 11 9 2 
112 2 0 3 7 3 4 0 3 8 4 3 
0 2 0 1 2 1 6 0 1 3 2 7 
1 2 0 1 3 2 7 0 1 4 3 5 
2 1 0 1 4 3 5 
1383 4 0 47 2 4 2 0 47 3 5 2 0 47 4 6 2 0 47 2 5 2 
1384 3 0 47 2 5 2 0 47 3 6 2 0 47 2 6 2 
624 4 0 23 6 4 2 0 23 7 5 2 0 23 8 6 2 0 23 9 7 2 
625 2 0 23 9 7 2 0 23 10 8 2 
152 2 0 5 5 0 5 0 5 6 0 4 
153 3 0 5 6 0 4 0 5 7 0 3 0 5 8 0 2 
602 3 0 23 2 2 3 0 23 3 3 3 0 23 4 4 2 
603 1 0 23 4 4 2 
480 4 0 17 6 5 2 0 17 7 6 2 0 17 8 7 2 0 17 9 8 2 
481 1 0 17 9 8 2 
553 3 0 19 5 9 2 0 19 6 10 2 0 19 5 10 2 
688 3 0 27 2 0 3 0 27 3 0 3 0 27 4 0 2 
689 1 0 27 4 0 2 
386 4 0 13 6 5 2 0 13 7 6 2 0 13 8 7 2 0 13 9 8 2 
387 1 0 13 9 8 2 
1271 3 0 42 7 4 2 0 42 8 4 2 0 42 9 4 2 
460 3 0 15 9 4 2 0 15 10 4 2 0 15 10 5 2 
176 1 0 5 10 7 2 
557 1 0 21 4 4 2 
347 2 0 11 9 7 2 0 11 10 8 1 
750 3 0 29 9 4 2 0 29 10 4 2 0 29 10 5 2 
1577 2 1 50 0 3 4 1 50 1 3 3 
730 4 0 27 9 4 2 0 27 10 4 2 0 27 11 4 1 0 27 10 5 2 
87 2 0 3 1 5 5 0 3 1 6 4 
88 3 0 3 1 6 4 0 3 1 7 3 0 3 1 8 3 
89 2 0 3 1 8 3 0 3 1 9 2 
31 1 0 1 9 1 2 
1041 4 0 36 6 1 2 0 36 7 1 2 0 36 8 1 2 0 36 9 1 2 
1042 3 0 36 9 1 2 0 36 10 1 2 0 36 11 1 2 
360 4 0 11 4 8 2 0 11 5 9 2 0 11 6 10 2 0 11 4 9 2 
361 3 0 11 4 9 2 0 11 5 10 1 0 11 4 10 2 
957 4 0 34 6 4 2 0 34 7 5 2 0 34 8 6 2 0 34 9 7 2 
958 3 0 34 9 7 2 0 34 10 8 2 0 34 11 9 2 
1478 2 1 42 0 0 4 1 42 1 0 3 
317 2 0 11 1 2 6 0 11 1 3 7 
318 2 0 11 1 3 7 0 11 1 4 5 
319 2 0 11 1 4 5 0 11 1 5 3 
1524 2 1 45 0 10 4 1 45 1 10 3 
1320 4 0 44 3 4 1 0 44 4 5 2 0 44 5 6 2 0 44 6 7 2 
528 4 0 19 1 6 2 0 19 1 7 2 0 19 1 8 2 0 19 1 9 2 
529 1 0 19 1 9 2 
54 1 0 3 2 0 10 
55 2 0 3 2 0 10 0 3 3 0 9 
56 2 0 3 3 0 9 0 3 4 0 6 
57 1 0 3 4 0 6 
223 2 0 7 1 5 5 0 7 1 6 4 
224 3 0 7 1 6 4 0 7 1 7 3 0 7 1 8 2 
1013 3 0 35 1 4 2 0 35 1 3 2 0 35 2 4 2 
1145 3 0 38 2 5 2 0 38 3 6 2 0 38 2 6 2 
1133 4 0 38 7 2 2 0 38 8 2 2 0 38 9 2 2 0 38 10 2 1 
392 4 0 13 5 6 2 0 13 6 7 2 0 13 7 8 2 0 13 8 9 2 
393 1 0 13 8 9 2 
1051 4 0 36 6 3 2 0 36 7 3 2 0 36 8 3 2 0 36 9 3 2 
1052 3 0 36 9 3 2 0 36 10 3 2 0 36 11 3 2 
1001 4 0 35 6 3 2 0 35 7 4 2 0 35 8 5 2 0 35 9 6 2 
1002 3 0 35 9 6 2 0 35 10 7 2 0 35 11 8 2 
656 4 0 25 5 0 2 0 25 6 0 2 0 25 7 0 2 0 25 8 0 2 
657 2 0 25 8 0 2 0 25 9 0 2 
685 4 0 25 4 8 2 0 25 4 9 2 0 25 4 10 2 0 25 4 11 1 
333 2 0 11 8 8 2 0 11 9 9 1 
1440 2 1 38 0 10 4 1 38 1 10 3 
1181 3 0 39 2 4 2 0 39 3 5 2 0 39 2 5 2 
1213 3 0 40 8 4 2 0 40 9 4 2 0 40 10 4 2 
726 4 0 27 4 7 2 0 27 5 8 2 0 27 6 9 2 0 27 7 10 2 
727 1 0 27 7 10 2 
344 3 0 11 4 6 3 0 11 5 7 2 0 11 6 8 2 
235 2 0 7 8 2 2 0 7 9 2 2 
1157 3 0 38 3 8 2 0 38 3 9 2 0 38 3 10 2 
1391 4 0 48 3 4 1 0 48 4 5 2 0 48 5 6 2 0 48 6 7 1 
981 4 0 34 6 9 2 0 34 7 10 2 0 34 8 11 2 0 34 9 12 2 
982 1 0 34 9 12 2 
1403 4 0 49 1 3 2 0 49 1 4 2 0 49 1 5 2 0 49 1 6 1 
58 1 0 3 2 2 10 
59 2 0 3 2 2 10 0 3 3 3 9 
60 2 0 3 3 3 9 0 3 4 4 6 
61 1 0 3 4 4 6 
1465 2 1 40 0 11 4 1 40 1 11 3 
588 4 0 21 6 3 2 0 21 7 4 2 0 21 8 5 2 0 21 9 6 2 
589 2 0 21 9 6 2 0 21 10 7 2 
771 4 0 29 4 8 2 0 29 5 9 2 0 29 6 10 2 0 29 4 9 2 
772 2 0 29 4 9 2 0 29 4 10 2 
1456 2 1 40 0 2 4 1 40 1 2 3 
1163 4 0 39 6 0 2 0 39 7 0 2 0 39 8 0 2 0 39 9 0 1 
1161 4 0 39 6 5 2 0 39 7 6 2 0 39 8 7 2 0 39 9 8 1 
1220 3 0 40 2 5 2 0 40 3 6 2 0 40 2 6 2 
1194 4 0 39 3 7 2 0 39 4 8 2 0 39 5 9 2 0 39 3 8 2 
1195 3 0 39 3 8 2 0 39 4 9 2 0 39 3 9 2 
1507 2 1 44 0 5 4 1 44 1 5 3 
1419 2 1 37 0 1 4 1 37 1 1 3 
2
716 4 0 27 6 2 2 0 27 7 2 2 0 27 8 2 2 0 27 9 2 2 
717 2 0 27 9 2 2 0 27 10 2 2 
1010 3 0 35 2 2 2 0 35 3 3 2 0 35 4 4 2 
328 2 0 11 2 5 3 0 11 2 4 5 
329 2 0 11 2 4 5 0 11 3 5 3 
1503 2 1 44 0 1 4 1 44 1 1 3 
628 4 0 23 6 2 2 0 23 7 2 2 0 23 8 2 2 0 23 9 2 2 
629 2 0 23 9 2 2 0 23 10 2 2 
1074 4 0 36 5 7 2 0 36 6 8 2 0 36 7 9 2 0 36 8 10 2 
1075 3 0 36 8 10 2 0 36 9 11 2 0 36 10 12 2 
774 3 0 30 3 3 2 0 30 4 4 2 0 30 5 5 2 
605 1 0 23 5 4 2 
787 4 0 30 6 4 2 0 30 7 5 2 0 30 8 6 2 0 30 9 7 2 
788 3 0 30 9 7 2 0 30 10 8 2 0 30 11 9 1 
901 3 0 33 2 1 2 0 33 3 2 2 0 33 4 3 2 
648 3 0 25 2 1 2 0 25 3 2 3 0 25 4 3 2 
1128 4 0 38 6 6 2 0 38 7 7 2 0 38 8 8 2 0 38 9 9 2 
1129 1 0 38 9 9 2 
923 3 0 33 0 2 2 0 33 0 3 2 0 33 0 4 2 
186 3 0 5 4 8 3 0 5 5 9 2 0 5 6 10 2 
28 2 0 1 1 5 4 0 1 1 6 3 
42 3 0 1 6 3 3 0 1 7 4 3 0 1 8 5 2 
43 3 0 1 8 5 2 0 1 9 6 2 0 1 10 7 2 
459 3 0 15 4 8 2 0 15 4 9 2 0 15 4 10 2 
783 4 0 30 6 5 2 0 30 7 6 2 0 30 8 7 2 0 30 9 8 2 
784 2 0 30 9 8 2 0 30 10 9 2 
655 3 0 25 2 5 2 0 25 2 4 2 0 25 3 5 2 
597 3 0 21 4 8 2 0 21 4 9 2 0 21 4 10 2 
555 1 0 21 4 0 2 
352 3 0 11 3 6 3 0 11 3 7 2 0 11 3 8 2 
698 3 0 27 5 3 2 0 27 4 2 2 0 27 5 2 2 
420 2 0 15 1 2 4 0 15 1 3 5 
421 3 0 15 1 3 5 0 15 1 4 3 0 15 1 5 2 
1099 3 0 37 5 2 2 0 37 6 2 2 0 37 6 3 2 
632 4 0 23 6 3 2 0 23 7 4 2 0 23 8 5 2 0 23 9 6 2 
633 2 0 23 9 6 2 0 23 10 7 2 
745 4 0 29 6 3 2 0 29 7 4 2 0 29 8 5 2 0 29 9 6 2 
746 2 0 29 9 6 2 0 29 10 7 2 
1536 2 1 46 0 10 4 1 46 1 10 3 
893 4 0 32 3 7 2 0 32 3 8 2 0 32 3 9 2 0 32 3 10 2 
894 2 0 32 3 10 2 0 32 3 11 2 
1480 2 1 42 0 2 4 1 42 1 2 3 
338 4 0 11 6 1 2 0 11 7 1 2 0 11 8 1 2 0 11 9 1 2 
339 1 0 11 9 1 2 
330 3 0 11 5 0 3 0 11 6 0 2 0 11 7 0 2 
959 4 0 34 7 4 2 0 34 8 4 2 0 34 9 4 2 0 34 10 4 2 
960 3 0 34 10 4 2 0 34 11 4 2 0 34 12 4 1 
1124 3 0 38 3 1 1 0 38 4 1 2 0 38 5 1 2 
1234 4 0 41 4 1 2 0 41 5 1 2 0 41 6 1 2 0 41 7 1 2 
1235 2 0 41 7 1 2 0 41 8 1 2 
1436 2 1 38 0 6 4 1 38 1 6 3 
196 1 0 7 2 0 10 
197 2 0 7 2 0 10 0 7 3 0 8 
198 2 0 7 3 0 8 0 7 4 0 6 
199 1 0 7 4 0 6 
1375 4 0 47 3 2 1 0 47 4 3 2 0 47 5 4 2 0 47 6 5 1 
331 2 0 11 8 0 2 0 11 9 0 1 
1454 2 1 40 0 0 4 1 40 1 0 3 
1484 2 1 42 0 6 4 1 42 1 6 3 
246 3 0 7 8 4 3 0 7 9 4 2 0 7 10 4 2 
1067 4 0 36 1 3 1 0 36 1 4 2 0 36 1 5 2 0 36 1 6 2 
578 4 0 21 5 6 2 0 21 6 7 2 0 21 7 8 2 0 21 8 9 2 
579 2 0 21 8 9 2 0 21 9 10 1 
1570 2 1 49 0 8 4 1 49 1 8 3 
430 4 0 15 5 0 2 0 15 6 0 2 0 15 7 0 2 0 15 8 0 2 
431 2 0 15 8 0 2 0 15 9 0 1 
649 1 0 25 5 4 2 
303 1 0 9 7 10 2 
946 3 0 34 5 4 2 0 34 4 3 2 0 34 5 3 2 
1510 2 1 44 0 8 4 1 44 1 8 3 
576 4 0 21 6 1 2 0 21 7 1 2 0 21 8 1 2 0 21 9 1 2 
577 2 0 21 9 1 2 0 21 10 1 1 
172 2 0 5 4 6 5 0 5 5 7 3 
173 3 0 5 5 7 3 0 5 6 8 3 0 5 7 9 2 
559 2 0 21 4 3 2 0 21 5 4 2 
1066 4 0 36 2 3 1 0 36 3 4 2 0 36 4 5 2 0 36 5 6 2 
1290 4 0 43 4 1 2 0 43 5 1 2 0 43 6 1 2 0 43 7 1 2 
1291 1 0 43 7 1 2 
454 4 0 15 7 3 2 0 15 8 3 2 0 15 9 3 2 0 15 10 3 2 
455 1 0 15 10 3 2 
24 3 0 1 5 5 3 0 1 6 6 3 0 1 7 7 2 
25 2 0 1 7 7 2 0 1 8 8 2 
134 1 0 5 1 2 7 
868 4 0 32 6 5 2 0 32 7 6 2 0 32 8 7 2 0 32 9 8 2 
869 3 0 32 9 8 2 0 32 10 9 2 0 32 11 10 1 
1489 2 1 42 0 11 4 1 42 1 11 3 
1236 4 0 41 3 2 1 0 41 4 3 2 0 41 5 4 2 0 41 6 5 2 
1292 4 0 43 4 2 2 0 43 5 3 2 0 43 6 4 2 0 43 7 5 2 
1293 1 0 43 7 5 2 
432 4 0 15 5 5 2 0 15 6 6 2 0 15 7 7 2 0 15 8 8 2 
433 2 0 15 8 8 2 0 15 9 9 1 
1138 4 0 38 7 4 2 0 38 8 4 2 0 38 9 4 2 0 38 10 4 2 
1139 1 0 38 10 4 2 
263 1 0 9 1 3 9 
264 2 0 9 1 3 9 0 9 1 4 6 
265 1 0 9 1 4 6 
552 3 0 19 9 4 2 0 19 10 4 2 0 19 10 5 2 
1560 2 1 48 0 10 4 1 48 1 10 3 
967 3 0 34 1 3 1 0 34 1 4 2 0 34 1 5 2 
1197 3 0 40 3 3 1 0 40 4 4 2 0 40 5 5 2 
912 4 0 33 6 2 2 0 33 7 2 2 0 33 8 2 2 0 33 9 2 2 
913 2 0 33 9 2 2 0 33 10 2 2 
1126 3 0 38 4 2 2 0 38 5 2 2 0 38 6 2 2 
225 1 0 7 1 9 2 
836 3 0 31 2 2 2 0 31 3 3 2 0 31 4 4 2 
496 4 0 17 6 3 2 0 17 7 4 2 0 17 8 5 2 0 17 9 6 2 
497 2 0 17 9 6 2 0 17 10 7 2 
1207 4 0 40 7 5 2 0 40 8 6 2 0 40 9 7 2 0 40 10 8 2 
1208 1 0 40 10 8 2 
1418 2 1 37 0 0 4 1 37 1 0 3 
378 2 0 13 5 3 3 0 13 4 2 4 
3
987 3 0 35 2 0 1 0 35 3 0 2 0 35 4 0 2 
488 4 0 17 6 4 2 0 17 7 5 2 0 17 8 6 2 0 17 9 7 2 
489 2 0 17 9 7 2 0 17 10 8 1 
346 3 0 11 6 4 3 0 11 7 5 2 0 11 8 6 2 
1508 2 1 44 0 6 4 1 44 1 6 3 
1430 2 1 38 0 0 4 1 38 1 0 3 
906 4 0 33 5 4 2 0 33 6 5 2 0 33 7 6 2 0 33 8 7 2 
907 2 0 33 8 7 2 0 33 9 8 2 
1540 2 1 47 0 2 4 1 47 1 2 3 
426 3 0 15 5 3 2 0 15 4 2 4 0 15 5 2 2 
427 1 0 15 5 2 2 
1523 2 1 45 0 9 4 1 45 1 9 3 
408 4 0 13 4 7 2 0 13 5 8 2 0 13 6 9 2 0 13 7 10 2 
409 1 0 13 7 10 2 
844 4 0 31 1 5 2 0 31 1 6 2 0 31 1 7 2 0 31 1 8 2 
845 3 0 31 1 8 2 0 31 1 9 2 0 31 1 10 1 
858 3 0 32 3 1 2 0 32 4 1 2 0 32 5 1 2 
262 1 0 9 1 2 7 
1273 4 0 42 3 4 1 0 42 4 5 2 0 42 5 6 2 0 42 6 7 2 
470 2 0 17 3 1 5 0 17 4 1 3 
471 2 0 17 4 1 3 0 17 5 1 2 
462 2 0 17 2 0 5 0 17 3 0 4 
463 2 0 17 3 0 4 0 17 4 0 2 
978 4 0 34 7 9 2 0 34 8 10 2 0 34 9 11 2 0 34 10 12 1 
242 3 0 7 7 3 3 0 7 8 3 2 0 7 9 3 2 
1578 2 1 50 0 4 4 1 50 1 4 3 
848 4 0 31 2 5 2 0 31 2 6 2 0 31 2 7 2 0 31 2 8 2 
849 3 0 31 2 8 2 0 31 2 9 2 0 31 2 10 2 
702 4 0 27 5 5 2 0 27 6 6 2 0 27 7 7 2 0 27 8 8 2 
703 2 0 27 8 8 2 0 27 9 9 2 
376 2 0 13 2 3 6 0 13 3 4 4 
377 2 0 13 3 4 4 0 13 4 5 3 
1275 4 0 42 1 4 1 0 42 1 5 2 0 42 1 6 2 0 42 1 7 2 
1467 2 1 41 0 1 4 1 41 1 1 3 
646 3 0 25 2 2 3 0 25 3 3 3 0 25 4 4 2 
647 1 0 25 4 4 2 
1441 2 1 38 0 11 4 1 38 1 11 3 
1583 2 1 50 0 9 4 1 50 1 9 3 
295 2 0 9 7 9 2 0 9 8 10 1 
696 3 0 27 3 1 3 0 27 4 1 2 0 27 5 1 2 
670 4 0 25 2 6 2 0 25 2 7 2 0 25 2 8 2 0 25 2 9 2 
671 2 0 25 2 9 2 0 25 2 10 2 
474 3 0 17 5 3 2 0 17 4 2 3 0 17 5 2 2 
1395 3 0 48 3 6 2 0 48 4 7 2 0 48 3 7 2 
1486 2 1 42 0 8 4 1 42 1 8 3 
785 4 0 30 6 3 2 0 30 7 3 2 0 30 8 3 2 0 30 9 3 2 
786 3 0 30 9 3 2 0 30 10 3 2 0 30 11 3 1 
1120 4 0 37 3 6 2 0 37 4 7 2 0 37 5 8 2 0 37 6 9 2 
1121 1 0 37 6 9 2 
1143 3 0 38 3 4 2 0 38 4 5 2 0 38 5 6 2 
1385 3 0 48 4 1 2 0 48 5 1 2 0 48 6 1 2 
105 2 0 3 3 6 5 0 3 3 7 4 
106 3 0 3 3 7 4 0 3 3 8 3 0 3 3 9 3 
107 2 0 3 3 9 3 0 3 3 10 2 
517 1 0 19 5 1 2 
712 4 0 27 6 4 2 0 27 7 5 2 0 27 8 6 2 0 27 9 7 2 
713 2 0 27 9 7 2 0 27 10 8 2 
804 4 0 30 2 6 2 0 30 2 7 2 0 30 2 8 2 0 30 2 9 2 
805 3 0 30 2 9 2 0 30 2 10 2 0 30 2 11 1 
1541 2 1 47 0 3 4 1 47 1 3 3 
478 4 0 17 5 5 2 0 17 6 6 2 0 17 7 7 2 0 17 8 8 2 
479 2 0 17 8 8 2 0 17 9 9 1 
412 4 0 13 4 8 2 0 13 5 9 2 0 13 6 10 2 0 13 4 9 2 
413 3 0 13 4 9 2 0 13 5 10 2 0 13 4 10 2 
883 4 0 32 5 6 2 0 32 6 7 2 0 32 7 8 2 0 32 8 9 2 
884 2 0 32 8 9 2 0 32 9 10 2 
1146 3 0 38 1 4 2 0 38 1 5 2 0 38 1 6 2 
737 4 0 29 5 4 2 0 29 6 5 2 0 29 7 6 2 0 29 8 7 2 
738 2 0 29 8 7 2 0 29 9 8 2 
614 4 0 23 5 5 2 0 23 6 6 2 0 23 7 7 2 0 23 8 8 2 
615 2 0 23 8 8 2 0 23 9 9 2 
700 4 0 27 5 0 2 0 27 6 0 2 0 27 7 0 2 0 27 8 0 2 
701 2 0 27 8 0 2 0 27 9 0 2 
1192 4 0 39 3 6 2 0 39 4 7 2 0 39 5 8 2 0 39 6 9 2 
1193 1 0 39 6 9 2 
794 3 0 30 10 6 2 0 30 11 6 1 0 30 11 7 2 
282 2 0 9 1 5 4 0 9 1 6 3 
829 4 0 31 6 3 2 0 31 7 4 2 0 31 8 5 2 0 31 9 6 2 
830 2 0 31 9 6 2 0 31 10 7 2 
612 4 0 23 5 0 2 0 23 6 0 2 0 23 7 0 2 0 23 8 0 2 
613 2 0 23 8 0 2 0 23 9 0 2 
1580 2 1 50 0 6 4 1 50 1 6 3 
706 4 0 27 1 6 2 0 27 1 7 2 0 27 1 8 2 0 27 1 9 2 
707 2 0 27 1 9 2 0 27 1 10 1 
1584 2 1 50 0 10 4 1 50 1 10 3 
658 4 0 25 5 5 2 0 25 6 6 2 0 25 7 7 2 0 25 8 8 2 
659 2 0 25 8 8 2 0 25 9 9 2 
283 3 0 9 1 7 2 0 9 1 8 2 0 9 1 9 2 
1215 3 0 40 3 4 2 0 40 4 5 2 0 40 5 6 2 
226 2 0 7 6 1 4 0 7 7 1 3 
781 4 0 30 6 2 2 0 30 7 2 2 0 30 8 2 2 0 30 9 2 2 
782 2 0 30 9 2 2 0 30 10 2 2 
259 1 0 9 3 2 9 
260 2 0 9 3 2 9 0 9 4 3 6 
261 1 0 9 4 3 6 
1514 2 1 45 0 0 4 1 45 1 0 3 
1576 2 1 50 0 2 4 1 50 1 2 3 
135 1 0 5 1 3 11 
136 2 0 5 1 3 11 0 5 1 4 7 
137 1 0 5 1 4 7 
773 3 0 30 3 1 2 0 30 4 1 2 0 30 5 1 2 
216 2 0 7 5 0 4 0 7 6 0 3 
1166 4 0 39 6 1 2 0 39 7 1 2 0 39 8 1 2 0 39 9 1 2 
1167 1 0 39 9 1 2 
840 4 0 31 0 5 2 0 31 0 6 2 0 31 0 7 2 0 31 0 8 2 
841 2 0 31 0 8 2 0 31 0 9 1 
941 4 0 33 4 8 2 0 33 5 9 2 0 33 6 10 2 0 33 7 11 1 
611 3 0 23 2 5 2 0 23 2 4 2 0 23 3 5 2 
1445 2 1 39 0 3 4 1 39 1 3 3 
116 3 0 3 8 3 3 0 3 9 3 3 0 3 10 3 2 
117 4 0 3 10 3 2 0 3 9 4 3 0 3 10 5 2 0 3 10 4 2 
118 1 0 3 10 4 2 
1462 2 1 40 0 8 4 1 40 1 8 3 
651 1 0 25 1 5 2 
4
187 3 0 5 4 9 2 0 5 5 10 2 0 5 4 10 2 
1499 2 1 43 0 9 4 1 43 1 9 3 
244 3 0 7 4 7 3 0 7 5 8 2 0 7 6 9 2 
434 4 0 15 6 5 2 0 15 7 6 2 0 15 8 7 2 0 15 9 8 2 
435 1 0 15 9 8 2 
1101 4 0 37 6 5 2 0 37 7 6 2 0 37 8 7 2 0 37 9 8 1 
1314 4 0 44 4 3 2 0 44 5 4 2 0 44 6 5 2 0 44 7 6 2 
1315 2 0 44 7 6 2 0 44 8 7 1 
1544 2 1 47 0 6 4 1 47 1 6 3 
800 4 0 30 1 6 2 0 30 1 7 2 0 30 1 8 2 0 30 1 9 2 
801 2 0 30 1 9 2 0 30 1 10 2 
1330 4 0 45 3 0 1 0 45 4 0 2 0 45 5 0 2 0 45 6 0 2 
446 4 0 15 6 2 2 0 15 7 2 2 0 15 8 2 2 0 15 9 2 2 
447 2 0 15 9 2 2 0 15 10 2 1 
400 4 0 13 4 6 2 0 13 5 7 2 0 13 6 8 2 0 13 7 9 2 
401 2 0 13 7 9 2 0 13 8 10 1 
1141 2 0 38 9 5 2 0 38 10 6 2 
1519 2 1 45 0 5 4 1 45 1 5 3 
1407 3 0 50 4 1 2 0 50 5 1 2 0 50 6 1 2 
159 2 0 5 1 5 5 0 5 1 6 4 
160 3 0 5 1 6 4 0 5 1 7 3 0 5 1 8 3 
161 2 0 5 1 8 3 0 5 1 9 2 
825 4 0 31 6 4 2 0 31 7 5 2 0 31 8 6 2 0 31 9 7 2 
826 2 0 31 9 7 2 0 31 10 8 2 
193 1 0 7 1 3 10 
194 2 0 7 1 3 10 0 7 1 4 6 
195 1 0 7 1 4 6 
1376 3 0 47 4 1 2 0 47 5 1 2 0 47 6 1 2 
416 2 0 15 2 2 6 0 15 3 3 4 
417 2 0 15 3 3 4 0 15 4 4 3 
974 4 0 34 3 7 2 0 34 3 8 2 0 34 3 9 2 0 34 3 10 2 
975 3 0 34 3 10 2 0 34 3 11 2 0 34 3 12 2 
1422 2 1 37 0 4 4 1 37 1 4 3 
438 4 0 15 6 1 2 0 15 7 1 2 0 15 8 1 2 0 15 9 1 2 
439 1 0 15 9 1 2 
1203 3 0 40 4 2 2 0 40 5 2 2 0 40 6 2 2 
1274 2 0 42 7 8 2 0 42 8 9 1 
1174 4 0 39 7 3 2 0 39 8 3 2 0 39 9 3 2 0 39 10 3 1 
1393 3 0 48 2 5 2 0 48 2 6 2 0 48 2 7 2 
16 2 0 1 2 4 5 0 1 2 5 4 
17 1 0 1 2 5 4 
1450 2 1 39 0 8 4 1 39 1 8 3 
636 4 0 23 7 3 2 0 23 8 3 2 0 23 9 3 2 0 23 10 3 2 
637 1 0 23 10 3 2 
993 4 0 35 5 4 2 0 35 6 5 2 0 35 7 6 2 0 35 8 7 2 
994 3 0 35 8 7 2 0 35 9 8 2 0 35 10 9 2 
1263 4 0 42 4 2 2 0 42 5 2 2 0 42 6 2 2 0 42 7 2 2 
1264 3 0 42 7 2 2 0 42 8 2 2 0 42 9 2 1 
1459 2 1 40 0 5 4 1 40 1 5 3 
50 4 0 1 8 4 2 0 1 9 4 2 0 1 10 4 2 0 1 9 5 2 
51 3 0 1 9 5 2 0 1 10 5 2 0 1 10 6 2 
876 4 0 32 8 5 2 0 32 9 6 2 0 32 10 7 2 0 32 11 8 2 
877 1 0 32 11 8 2 
1038 3 0 36 3 3 2 0 36 4 4 2 0 36 5 5 2 
290 3 0 9 2 6 3 0 9 2 7 2 0 9 2 8 2 
1472 2 1 41 0 6 4 1 41 1 6 3 
1312 4 0 44 4 2 2 0 44 5 2 2 0 44 6 2 2 0 44 7 2 2 
1313 2 0 44 7 2 2 0 44 8 2 1 
1102 4 0 37 5 5 2 0 37 6 6 2 0 37 7 7 2 0 37 8 8 2 
1103 1 0 37 8 8 2 
935 4 0 33 2 5 2 0 33 2 6 2 0 33 2 7 2 0 33 2 8 2 
936 3 0 33 2 8 2 0 33 2 9 2 0 33 2 10 2 
1539 2 1 47 0 1 4 1 47 1 1 3 
916 4 0 33 7 3 2 0 33 8 3 2 0 33 9 3 2 0 33 10 3 2 
917 2 0 33 10 3 2 0 33 11 3 1 
34 3 0 1 6 2 3 0 1 7 2 3 0 1 8 2 2 
35 2 0 1 8 2 2 0 1 9 2 2 
507 3 0 17 5 9 2 0 17 6 10 2 0 17 5 10 2 
444 4 0 15 2 6 2 0 15 2 7 2 0 15 2 8 2 0 15 2 9 2 
445 2 0 15 2 9 2 0 15 2 10 1 
1568 2 1 49 0 6 4 1 49 1 6 3 
371 2 0 13 1 2 5 0 13 1 3 6 
372 2 0 13 1 3 6 0 13 1 4 4 
373 2 0 13 1 4 4 0 13 1 5 3 
78 2 0 3 5 3 6 0 3 4 2 8 
79 1 0 3 4 2 8 
1221 4 0 40 5 7 2 0 40 6 8 2 0 40 7 9 2 0 40 8 10 2 
1222 1 0 40 8 10 2 
608 3 0 23 3 1 3 0 23 4 1 2 0 23 5 1 2 
1136 4 0 38 6 3 2 0 38 7 3 2 0 38 8 3 2 0 38 9 3 2 
1137 2 0 38 9 3 2 0 38 10 3 2 
6 1 0 1 2 0 8 
7 2 0 1 2 0 8 0 1 3 0 6 
1110 3 0 37 7 2 2 0 37 8 2 2 0 37 9 2 2 
1505 2 1 44 0 3 4 1 44 1 3 3 
1360 4 0 46 5 3 2 0 46 6 4 2 0 46 7 5 2 0 46 8 6 2 
1361 1 0 46 8 6 2 
1388 4 0 48 4 3 2 0 48 5 4 2 0 48 6 5 2 0 48 7 6 1 
747 4 0 29 7 3 2 0 29 8 3 2 0 29 9 3 2 0 29 10 3 2 
748 1 0 29 10 3 2 
1151 4 0 38 4 7 2 0 38 5 8 2 0 38 6 9 2 0 38 7 10 2 
1152 1 0 38 7 10 2 
1408 4 0 50 4 2 2 0 50 5 2 2 0 50 6 2 2 0 50 7 2 1 
554 2 0 21 2 0 4 0 21 3 0 3 
1572 2 1 49 0 10 4 1 49 1 10 3 
1334 4 0 45 4 2 2 0 45 5 3 2 0 45 6 4 2 0 45 7 5 2 
1335 1 0 45 7 5 2 
1409 4 0 50 4 3 2 0 50 5 4 2 0 50 6 5 2 0 50 7 6 1 
363 2 0 13 3 0 5 0 13 4 0 3 
364 1 0 13 4 0 3 
1097 3 0 37 3 1 2 0 37 4 2 2 0 37 5 3 2 
1567 2 1 49 0 5 4 1 49 1 5 3 
955 4 0 34 6 3 2 0 34 7 3 2 0 34 8 3 2 0 34 9 3 2 
956 3 0 34 9 3 2 0 34 10 3 2 0 34 11 3 2 
1321 1 0 44 7 8 1 
1153 4 0 38 2 7 2 0 38 2 8 2 0 38 2 9 2 0 38 2 10 2 
1154 1 0 38 2 10 2 
486 4 0 17 5 6 2 0 17 6 7 2 0 17 7 8 2 0 17 8 9 2 
487 1 0 17 8 9 2 
897 4 0 32 4 9 2 0 32 4 10 2 0 32 4 11 2 0 32 4 12 1 
1543 2 1 47 0 5 4 1 47 1 5 3 
944 3 0 34 3 3 2 0 34 4 4 2 0 34 5 5 2 
80 1 0 3 5 2 6 
174 2 0 5 6 3 5 0 5 7 4 4 
175 3 0 5 7 4 4 0 5 8 5 3 0 5 9 6 2 
5
84 2 0 3 5 4 5 0 3 6 5 4 
85 3 0 3 6 5 4 0 3 7 6 3 0 3 8 7 3 
86 2 0 3 8 7 3 0 3 9 8 2 
313 1 0 11 4 4 4 
1028 4 0 35 3 6 2 0 35 4 7 2 0 35 5 8 2 0 35 6 9 2 
1029 3 0 35 6 9 2 0 35 7 10 2 0 35 8 11 2 
388 4 0 13 1 6 2 0 13 1 7 2 0 13 1 8 2 0 13 1 9 2 
389 1 0 13 1 9 2 
609 3 0 23 2 3 3 0 23 3 4 2 0 23 4 5 2 
442 4 0 15 6 4 2 0 15 7 5 2 0 15 8 6 2 0 15 9 7 2 
443 2 0 15 9 7 2 0 15 10 8 1 
20 2 0 1 3 5 4 0 1 3 4 5 
21 2 0 1 3 4 5 0 1 4 5 4 
590 4 0 21 3 6 2 0 21 3 7 2 0 21 3 8 2 0 21 3 9 2 
591 2 0 21 3 9 2 0 21 3 10 2 
310 1 0 11 4 0 4 
1366 4 0 46 3 5 2 0 46 4 6 2 0 46 5 7 2 0 46 6 8 2 
1367 1 0 46 6 8 2 
1217 3 0 40 1 4 2 0 40 1 5 2 0 40 1 6 2 
114 2 0 3 4 7 4 0 3 4 8 3 
1269 4 0 42 6 4 2 0 42 7 5 2 0 42 8 6 2 0 42 9 7 2 
1270 1 0 42 9 7 2 
1378 3 0 47 5 2 2 0 47 6 2 2 0 47 6 3 2 
1257 4 0 41 3 6 2 0 41 4 7 2 0 41 5 8 2 0 41 3 7 2 
1258 3 0 41 3 7 2 0 41 4 8 2 0 41 3 8 2 
620 4 0 23 6 1 2 0 23 7 1 2 0 23 8 1 2 0 23 9 1 2 
621 2 0 23 9 1 2 0 23 10 1 1 
664 4 0 25 6 1 2 0 25 7 1 2 0 25 8 1 2 0 25 9 1 2 
665 2 0 25 9 1 2 0 25 10 1 1 
9 1 0 1 2 2 8 
10 2 0 1 2 2 8 0 1 3 3 6 
228 2 0 7 5 6 4 0 7 6 7 3 
1469 2 1 41 0 3 4 1 41 1 3 3 
969 3 0 34 1 6 2 0 34 1 7 2 0 34 1 8 2 
498 4 0 17 3 6 2 0 17 3 7 2 0 17 3 8 2 0 17 3 9 2 
499 2 0 17 3 9 2 0 17 3 10 2 
990 3 0 35 4 2 2 0 35 5 2 2 0 35 5 3 2 
1316 4 0 44 5 3 2 0 44 6 3 2 0 44 7 3 2 0 44 8 3 2 
1317 1 0 44 8 3 2 
795 3 0 30 1 3 2 0 30 1 4 2 0 30 1 5 2 
1204 3 0 40 5 3 2 0 40 6 3 2 0 40 6 4 2 
666 4 0 25 5 6 2 0 25 6 7 2 0 25 7 8 2 0 25 8 9 2 
667 2 0 25 8 9 2 0 25 9 10 1 
440 4 0 15 5 6 2 0 15 6 7 2 0 15 7 8 2 0 15 8 9 2 
441 1 0 15 8 9 2 
1238 4 0 41 4 2 2 0 41 5 3 2 0 41 6 4 2 0 41 7 5 2 
1239 2 0 41 7 5 2 0 41 8 6 2 
653 3 0 25 2 3 3 0 25 3 4 2 0 25 4 5 2 
1296 4 0 43 3 3 2 0 43 4 4 2 0 43 5 5 2 0 43 6 6 2 
1297 1 0 43 6 6 2 
775 3 0 30 3 2 2 0 30 4 2 2 0 30 5 2 2 
1389 4 0 48 5 3 2 0 48 6 3 2 0 48 7 3 2 0 48 6 4 2 
1390 3 0 48 6 4 2 0 48 7 4 2 0 48 7 5 2 
1125 3 0 38 3 3 1 0 38 4 4 2 0 38 5 5 2 
1348 4 0 45 2 4 2 0 45 3 5 2 0 45 4 6 2 0 45 5 7 2 
1349 1 0 45 5 7 2 
860 3 0 32 3 2 2 0 32 4 2 2 0 32 5 2 2 
506 3 0 17 9 4 2 0 17 10 4 2 0 17 10 5 2 
122 1 0 5 2 0 10 
123 2 0 5 2 0 10 0 5 3 0 9 
124 2 0 5 3 0 9 0 5 4 0 6 
125 1 0 5 4 0 6 
285 1 0 9 9 1 2 
1520 2 1 45 0 6 4 1 45 1 6 3 
1178 3 0 39 0 2 1 0 39 0 3 2 0 39 0 4 2 
599 3 0 21 5 9 2 0 21 6 10 2 0 21 5 10 2 
1003 4 0 35 7 3 2 0 35 8 3 2 0 35 9 3 2 0 35 10 3 2 
1004 3 0 35 10 3 2 0 35 11 3 2 0 35 12 3 1 
1427 2 1 37 0 9 4 1 37 1 9 3 
1421 2 1 37 0 3 4 1 37 1 3 3 
797 3 0 30 2 5 2 0 30 2 4 2 0 30 3 5 2 
1336 4 0 45 4 1 2 0 45 5 1 2 0 45 6 1 2 0 45 7 1 2 
1337 1 0 45 7 1 2 
293 2 0 9 9 2 2 0 9 10 2 1 
626 4 0 23 2 6 2 0 23 2 7 2 0 23 2 8 2 0 23 2 9 2 
627 2 0 23 2 9 2 0 23 2 10 2 
516 2 0 19 3 1 4 0 19 4 1 3 
101 2 0 3 7 8 3 0 3 8 9 2 
903 3 0 33 4 2 2 0 33 5 2 2 0 33 5 3 2 
30 3 0 1 6 1 3 0 1 7 1 2 0 1 8 1 2 
643 3 0 23 5 9 2 0 23 6 10 2 0 23 5 10 2 
461 3 0 15 5 9 2 0 15 6 10 2 0 15 5 10 2 
281 3 0 9 7 6 2 0 9 8 7 2 0 9 9 8 2 
1326 4 0 44 2 5 2 0 44 2 6 2 0 44 2 7 2 0 44 2 8 2 
1327 1 0 44 2 8 2 
1104 4 0 37 0 5 2 0 37 0 6 2 0 37 0 7 2 0 37 0 8 2 
1105 1 0 37 0 8 2 
353 2 0 11 3 9 2 0 11 3 10 2 
220 2 0 7 5 4 5 0 7 6 5 4 
221 3 0 7 6 5 4 0 7 7 6 3 0 7 8 7 2 
1300 4 0 43 2 3 2 0 43 3 4 2 0 43 4 5 2 0 43 5 6 2 
1301 2 0 43 5 6 2 0 43 6 7 1 
1455 2 1 40 0 1 4 1 40 1 1 3 
582 4 0 21 2 6 2 0 21 2 7 2 0 21 2 8 2 0 21 2 9 2 
583 2 0 21 2 9 2 0 21 2 10 2 
1527 2 1 46 0 1 4 1 46 1 1 3 
1474 2 1 41 0 8 4 1 41 1 8 3 
1076 4 0 36 2 7 2 0 36 2 8 2 0 36 2 9 2 0 36 2 10 2 
1077 3 0 36 2 10 2 0 36 2 11 2 0 36 2 12 2 
838 3 0 31 1 2 2 0 31 2 3 2 0 31 3 4 2 
572 4 0 21 6 5 2 0 21 7 6 2 0 21 8 7 2 0 21 9 8 2 
573 1 0 21 9 8 2 
1165 3 0 39 4 1 2 0 39 5 1 2 0 39 5 2 2 
1453 2 1 39 0 11 4 1 39 1 11 3 
1495 2 1 43 0 5 4 1 43 1 5 3 
1546 2 1 47 0 8 4 1 47 1 8 3 
898 4 0 32 5 10 2 0 32 6 11 2 0 32 7 12 2 0 32 5 11 2 
899 2 0 32 5 11 2 0 32 5 12 2 
424 2 0 15 2 3 5 0 15 3 4 3 
425 2 0 15 3 4 3 0 15 4 5 2 
436 4 0 15 1 6 2 0 15 1 7 2 0 15 1 8 2 0 15 1 9 2 
437 1 0 15 1 9 2 
699 3 0 27 2 5 2 0 27 2 4 2 0 27 3 5 2 
6
1021 4 0 35 1 8 2 0 35 1 9 2 0 35 1 10 2 0 35 1 11 1 
592 4 0 21 7 3 2 0 21 8 3 2 0 21 9 3 2 0 21 10 3 2 
593 1 0 21 10 3 2 
1397 4 0 49 3 2 1 0 49 4 3 2 0 49 5 4 2 0 49 6 5 1 
979 4 0 34 4 8 2 0 34 4 9 2 0 34 4 10 2 0 34 4 11 2 
980 2 0 34 4 11 2 0 34 4 12 2 
326 2 0 11 5 3 3 0 11 4 2 5 
327 2 0 11 4 2 5 0 11 5 2 3 
1016 4 0 35 0 5 2 0 35 0 6 2 0 35 0 7 2 0 35 0 8 2 
1017 3 0 35 0 8 2 0 35 0 9 2 0 35 0 10 1 
662 4 0 25 1 6 2 0 25 1 7 2 0 25 1 8 2 0 25 1 9 2 
663 1 0 25 1 9 2 
526 4 0 19 6 5 2 0 19 7 6 2 0 19 8 7 2 0 19 9 8 2 
527 1 0 19 9 8 2 
988 3 0 35 2 1 1 0 35 3 2 2 0 35 4 3 2 
428 3 0 15 2 5 2 0 15 2 4 4 0 15 3 5 2 
429 1 0 15 3 5 2 
1526 2 1 46 0 0 4 1 46 1 0 3 
204 1 0 7 3 1 10 
205 2 0 7 3 1 10 0 7 4 1 6 
206 2 0 7 4 1 6 0 7 5 1 5 
1452 2 1 39 0 10 4 1 39 1 10 3 
925 4 0 33 5 5 2 0 33 6 6 2 0 33 7 7 2 0 33 8 8 2 
926 2 0 33 8 8 2 0 33 9 9 1 
1198 4 0 40 6 6 2 0 40 7 7 2 0 40 8 8 2 0 40 9 9 2 
1199 1 0 40 9 9 2 
1433 2 1 38 0 3 4 1 38 1 3 3 
743 4 0 29 5 2 2 0 29 6 2 2 0 29 7 2 2 0 29 8 2 2 
744 3 0 29 8 2 2 0 29 9 2 2 0 29 10 2 2 
891 4 0 32 3 6 2 0 32 4 7 2 0 32 5 8 2 0 32 6 9 2 
892 3 0 32 6 9 2 0 32 7 10 2 0 32 8 11 2 
48 3 0 1 4 7 3 0 1 5 8 2 0 1 6 9 2 
878 3 0 32 9 5 2 0 32 10 6 2 0 32 11 7 2 
1501 2 1 43 0 11 4 1 43 1 11 3 
241 3 0 7 3 8 2 0 7 3 9 2 0 7 3 10 1 
1457 2 1 40 0 3 4 1 40 1 3 3 
504 3 0 17 8 4 2 0 17 9 5 2 0 17 10 6 2 
49 1 0 1 7 10 2 
1020 3 0 35 1 5 2 0 35 1 6 2 0 35 1 7 2 
752 3 0 29 0 2 2 0 29 0 3 2 0 29 0 4 2 
1055 3 0 36 12 4 2 0 36 13 4 1 0 36 13 5 2 
1223 4 0 40 4 7 2 0 40 5 8 2 0 40 6 9 2 0 40 7 10 2 
1224 1 0 40 7 10 2 
973 3 0 34 3 6 2 0 34 4 7 2 0 34 5 8 2 
276 3 0 9 5 0 3 0 9 6 0 3 0 9 7 0 2 
277 3 0 9 7 0 2 0 9 8 0 2 0 9 9 0 1 
490 4 0 17 2 6 2 0 17 2 7 2 0 17 2 8 2 0 17 2 9 2 
491 2 0 17 2 9 2 0 17 2 10 1 
718 4 0 27 4 6 2 0 27 5 7 2 0 27 6 8 2 0 27 7 9 2 
719 2 0 27 7 9 2 0 27 8 10 2 
574 4 0 21 1 6 2 0 21 1 7 2 0 21 1 8 2 0 21 1 9 2 
575 1 0 21 1 9 2 
494 4 0 17 4 6 2 0 17 5 7 2 0 17 6 8 2 0 17 7 9 2 
495 2 0 17 7 9 2 0 17 8 10 1 
1304 4 0 43 2 4 2 0 43 3 5 2 0 43 4 6 2 0 43 5 7 2 
1305 1 0 43 5 7 2 
889 4 0 32 2 6 2 0 32 2 7 2 0 32 2 8 2 0 32 2 9 2 
890 3 0 32 2 9 2 0 32 2 10 2 0 32 2 11 2 
885 4 0 32 1 6 2 0 32 1 7 2 0 32 1 8 2 0 32 1 9 2 
886 2 0 32 1 9 2 0 32 1 10 2 
684 4 0 25 8 4 2 0 25 9 5 2 0 25 10 6 2 0 25 11 7 1 
406 4 0 13 7 3 2 0 13 8 3 2 0 13 9 3 2 0 13 10 3 2 
407 1 0 13 10 3 2 
1022 4 0 35 3 5 2 0 35 4 6 2 0 35 5 7 2 0 35 6 8 2 
1023 1 0 35 6 8 2 
188 1 0 7 2 1 7 
682 4 0 25 4 7 2 0 25 5 8 2 0 25 6 9 2 0 25 7 10 2 
683 1 0 25 7 10 2 
108 2 0 3 6 2 5 0 3 7 2 4 
109 3 0 3 7 2 4 0 3 8 2 3 0 3 9 2 2 
850 4 0 31 3 5 2 0 31 4 6 2 0 31 5 7 2 0 31 6 8 2 
851 3 0 31 6 8 2 0 31 7 9 2 0 31 8 10 2 
142 1 0 5 2 3 11 
143 2 0 5 2 3 11 0 5 3 4 7 
144 2 0 5 3 4 7 0 5 4 5 5 
145 1 0 5 4 5 5 
1542 2 1 47 0 4 4 1 47 1 4 3 
1018 3 0 35 4 5 2 0 35 5 6 2 0 35 6 7 2 
904 4 0 33 5 0 2 0 33 6 0 2 0 33 7 0 2 0 33 8 0 2 
905 2 0 33 8 0 2 0 33 9 0 2 
289 2 0 9 9 7 2 0 9 10 8 1 
1561 2 1 48 0 11 4 1 48 1 11 3 
164 2 0 5 5 6 4 0 5 6 7 3 
1400 3 0 49 5 2 2 0 49 6 2 2 0 49 6 3 2 
247 3 0 7 9 5 2 0 7 10 5 2 0 7 10 6 2 
1179 3 0 39 2 3 2 0 39 3 4 2 0 39 4 5 2 
1475 2 1 41 0 9 4 1 41 1 9 3 
763 4 0 29 3 5 2 0 29 4 6 2 0 29 5 7 2 0 29 6 8 2 
764 3 0 29 6 8 2 0 29 7 9 2 0 29 8 10 1 
1380 3 0 47 3 3 2 0 47 4 4 2 0 47 5 5 2 
374 2 0 13 3 1 6 0 13 4 1 4 
375 2 0 13 4 1 4 0 13 5 1 3 
1284 4 0 42 4 8 2 0 42 5 9 2 0 42 6 10 1 0 42 4 9 2 
288 3 0 9 6 4 3 0 9 7 5 2 0 9 8 6 2 
895 4 0 32 4 8 2 0 32 5 9 2 0 32 6 10 2 0 32 7 11 2 
896 2 0 32 7 11 2 0 32 8 12 1 
678 4 0 25 3 6 2 0 25 3 7 2 0 25 3 8 2 0 25 3 9 2 
679 2 0 25 3 9 2 0 25 3 10 2 
1245 4 0 41 3 3 2 0 41 4 4 2 0 41 5 5 2 0 41 6 6 2 
1246 2 0 41 6 6 2 0 41 7 7 2 
1490 2 1 43 0 0 4 1 43 1 0 3 
1424 2 1 37 0 6 4 1 37 1 6 3 
510 2 0 19 2 2 4 0 19 3 3 3 
512 2 0 19 2 1 3 0 19 3 2 4 
650 3 0 25 1 2 2 0 25 1 3 3 0 25 1 4 2 
306 4 0 9 4 8 2 0 9 5 9 2 0 9 6 10 2 0 9 4 9 2 
307 3 0 9 4 9 2 0 9 5 10 1 0 9 4 10 2 
1108 3 0 37 7 1 2 0 37 8 1 2 0 37 9 1 2 
968 3 0 34 5 6 2 0 34 6 7 2 0 34 7 8 2 
751 3 0 29 2 2 2 0 29 3 3 2 0 29 4 4 2 
7
866 4 0 32 6 2 2 0 32 7 2 2 0 32 8 2 2 0 32 9 2 2 
867 3 0 32 9 2 2 0 32 10 2 2 0 32 11 2 1 
200 1 0 7 2 2 10 
201 2 0 7 2 2 10 0 7 3 3 8 
202 2 0 7 3 3 8 0 7 4 4 6 
203 1 0 7 4 4 6 
739 4 0 29 5 1 2 0 29 6 1 2 0 29 7 1 2 0 29 8 1 2 
740 3 0 29 8 1 2 0 29 9 1 2 0 29 10 1 1 
44 3 0 1 3 6 3 0 1 3 7 3 0 1 3 8 2 
45 3 0 1 3 8 2 0 1 3 9 2 0 1 3 10 2 
880 3 0 32 2 3 2 0 32 3 4 2 0 32 4 5 2 
731 4 0 27 5 9 2 0 27 6 10 2 0 27 7 11 1 0 27 5 10 2 
98 2 0 3 6 1 4 0 3 7 1 3 
227 2 0 7 8 1 2 0 7 9 1 2 
29 3 0 1 1 7 2 0 1 1 8 2 0 1 1 9 2 
1431 2 1 38 0 1 4 1 38 1 1 3 
598 3 0 21 9 4 2 0 21 10 4 2 0 21 10 5 2 
1582 2 1 50 0 8 4 1 50 1 8 3 
402 4 0 13 6 3 2 0 13 7 4 2 0 13 8 5 2 0 13 9 6 2 
403 2 0 13 9 6 2 0 13 10 7 2 
821 4 0 31 5 4 2 0 31 6 5 2 0 31 7 6 2 0 31 8 7 2 
822 2 0 31 8 7 2 0 31 9 8 2 
448 4 0 15 4 6 2 0 15 5 7 2 0 15 6 8 2 0 15 7 9 2 
449 2 0 15 7 9 2 0 15 8 10 1 
947 4 0 34 6 1 2 0 34 7 1 2 0 34 8 1 2 0 34 9 1 2 
948 2 0 34 9 1 2 0 34 10 1 2 
231 2 0 7 8 6 2 0 7 9 7 2 
870 4 0 32 6 3 2 0 32 7 3 2 0 32 8 3 2 0 32 9 3 2 
871 3 0 32 9 3 2 0 32 10 3 2 0 32 11 3 2 
816 4 0 31 5 0 2 0 31 6 0 2 0 31 7 0 2 0 31 8 0 2 
817 2 0 31 8 0 2 0 31 9 0 2 
964 4 0 34 10 6 2 0 34 11 6 2 0 34 12 6 1 0 34 11 7 2 
1549 2 1 47 0 11 4 1 47 1 11 3 
1056 3 0 36 12 9 2 0 36 13 9 2 0 36 13 10 1 
644 3 0 25 2 0 3 0 25 3 0 3 0 25 4 0 2 
645 1 0 25 4 0 2 
189 1 0 7 3 2 10 
190 2 0 7 3 2 10 0 7 4 3 6 
191 1 0 7 4 3 6 
755 4 0 29 5 5 2 0 29 6 6 2 0 29 7 7 2 0 29 8 8 2 
756 1 0 29 8 8 2 
872 4 0 32 6 4 2 0 32 7 5 2 0 32 8 6 2 0 32 9 7 2 
873 3 0 32 9 7 2 0 32 10 8 2 0 32 11 9 2 
1251 4 0 41 2 3 2 0 41 3 4 2 0 41 4 5 2 0 41 5 6 2 
1252 3 0 41 5 6 2 0 41 6 7 2 0 41 7 8 1 
1298 4 0 43 0 3 2 0 43 0 4 2 0 43 0 5 2 0 43 0 6 2 
1299 1 0 43 0 6 2 
882 3 0 32 2 5 2 0 32 2 4 2 0 32 3 5 2 
1551 2 1 48 0 1 4 1 48 1 1 3 
222 1 0 7 9 8 2 
1247 4 0 41 0 3 2 0 41 0 4 2 0 41 0 5 2 0 41 0 6 2 
1248 2 0 41 0 6 2 0 41 0 7 2 
168 2 0 5 2 6 5 0 5 2 7 3 
169 3 0 5 2 7 3 0 5 2 8 3 0 5 2 9 2 
1550 2 1 48 0 0 4 1 48 1 0 3 
914 4 0 33 6 3 2 0 33 7 4 2 0 33 8 5 2 0 33 9 6 2 
915 2 0 33 9 6 2 0 33 10 7 2 
949 4 0 34 6 6 2 0 34 7 7 2 0 34 8 8 2 0 34 9 9 2 
950 2 0 34 9 9 2 0 34 10 10 2 
1011 3 0 35 0 2 2 0 35 0 3 2 0 35 0 4 2 
1553 2 1 48 0 3 4 1 48 1 3 3 
568 4 0 21 5 0 2 0 21 6 0 2 0 21 7 0 2 0 21 8 0 2 
569 2 0 21 8 0 2 0 21 9 0 2 
810 4 0 30 4 8 2 0 30 5 9 2 0 30 6 10 2 0 30 7 11 2 
811 1 0 30 7 11 2 
146 2 0 5 5 3 6 0 5 4 2 8 
147 1 0 5 4 2 8 
1063 4 0 36 11 6 2 0 36 12 6 2 0 36 13 6 2 0 36 12 7 2 
1064 2 0 36 12 7 2 0 36 13 8 2 
450 4 0 15 6 3 2 0 15 7 4 2 0 15 8 5 2 0 15 9 6 2 
451 2 0 15 9 6 2 0 15 10 7 2 
62 1 0 3 2 1 7 
1159 2 0 38 5 11 1 0 38 4 11 1 
735 4 0 29 5 0 2 0 29 6 0 2 0 29 7 0 2 0 29 8 0 2 
736 2 0 29 8 0 2 0 29 9 0 2 
324 2 0 11 3 4 5 0 11 4 5 3 
325 1 0 11 4 5 3 
910 4 0 33 6 4 2 0 33 7 5 2 0 33 8 6 2 0 33 9 7 2 
911 2 0 33 9 7 2 0 33 10 8 2 
274 2 0 9 2 5 4 0 9 2 4 6 
275 2 0 9 2 4 6 0 9 3 5 4 
638 4 0 23 4 7 2 0 23 5 8 2 0 23 6 9 2 0 23 7 10 2 
639 1 0 23 7 10 2 
245 1 0 7 7 10 1 
1476 2 1 41 0 10 4 1 41 1 10 3 
12 1 0 1 3 1 7 
1294 3 0 43 5 2 2 0 43 6 2 2 0 43 7 2 2 
1072 4 0 36 1 7 2 0 36 1 8 2 0 36 1 9 2 0 36 1 10 2 
1073 3 0 36 1 10 2 0 36 1 11 2 0 36 1 12 1 
384 4 0 13 5 5 2 0 13 6 6 2 0 13 7 7 2 0 13 8 8 2 
385 2 0 13 8 8 2 0 13 9 9 1 
1225 4 0 40 2 7 2 0 40 2 8 2 0 40 2 9 2 0 40 2 10 2 
1226 1 0 40 2 10 2 
622 4 0 23 5 6 2 0 23 6 7 2 0 23 7 8 2 0 23 8 9 2 
623 2 0 23 8 9 2 0 23 9 10 1 
1328 3 0 44 3 6 2 0 44 4 7 2 0 44 5 8 2 
536 4 0 19 2 6 2 0 19 2 7 2 0 19 2 8 2 0 19 2 9 2 
537 2 0 19 2 9 2 0 19 2 10 1 
238 2 0 7 6 3 4 0 7 7 4 3 
1517 2 1 45 0 3 4 1 45 1 3 3 
1092 3 0 37 1 3 2 0 37 1 4 2 0 37 1 5 2 
358 4 0 11 8 4 2 0 11 9 4 2 0 11 10 4 2 0 11 9 5 2 
359 3 0 11 9 5 2 0 11 10 5 1 0 11 10 6 2 
1200 4 0 40 6 1 2 0 40 7 1 2 0 40 8 1 2 0 40 9 1 2 
1201 1 0 40 9 1 2 
1498 2 1 43 0 8 4 1 43 1 8 3 
1554 2 1 48 0 4 4 1 48 1 4 3 
1479 2 1 42 0 1 4 1 42 1 1 3 
1585 2 1 50 0 11 4 1 50 1 11 3 
1448 2 1 39 0 6 4 1 39 1 6 3 
1504 2 1 44 0 2 4 1 44 1 2 3 
1333 1 0 45 7 6 1 
710 4 0 27 5 6 2 0 27 6 7 2 0 27 7 8 2 0 27 8 9 2 
711 2 0 27 8 9 2 0 27 9 10 1 
560 2 0 21 1 2 3 0 21 1 3 4 
672 4 0 25 6 2 2 0 25 7 2 2 0 25 8 2 2 0 25 9 2 2 
673 2 0 25 9 2 2 0 25 10 2 2 
8
1288 4 0 43 3 2 1 0 43 4 3 2 0 43 5 4 2 0 43 6 5 2 
692 3 0 27 2 1 2 0 27 3 2 3 0 27 4 3 2 
1229 4 0 40 4 8 2 0 40 5 9 2 0 40 6 10 2 0 40 7 11 1 
1566 2 1 49 0 4 4 1 49 1 4 3 
11 1 0 1 4 4 5 
1434 2 1 38 0 4 4 1 38 1 4 3 
1044 4 0 36 6 2 2 0 36 7 2 2 0 36 8 2 2 0 36 9 2 2 
1045 2 0 36 9 2 2 0 36 10 2 2 
1531 2 1 46 0 5 4 1 46 1 5 3 
937 4 0 33 3 6 2 0 33 4 7 2 0 33 5 8 2 0 33 6 9 2 
938 2 0 33 6 9 2 0 33 7 10 2 
130 1 0 5 2 1 7 
179 1 0 5 3 10 2 
81 2 0 3 2 5 6 0 3 2 4 8 
82 1 0 3 2 4 8 
808 4 0 30 3 7 2 0 30 3 8 2 0 30 3 9 2 0 30 3 10 2 
809 2 0 30 3 10 2 0 30 3 11 2 
1574 2 1 50 0 0 4 1 50 1 0 3 
606 3 0 23 1 2 2 0 23 1 3 3 0 23 1 4 2 
1230 4 0 40 4 9 2 0 40 5 10 2 0 40 6 11 1 0 40 4 10 2 
1132 4 0 38 7 6 2 0 38 8 7 2 0 38 9 8 2 0 38 10 9 1 
1516 2 1 45 0 2 4 1 45 1 2 3 
921 3 0 33 2 2 2 0 33 3 3 2 0 33 4 4 2 
301 1 0 9 10 3 2 
864 4 0 32 6 6 2 0 32 7 7 2 0 32 8 8 2 0 32 9 9 2 
865 2 0 32 9 9 2 0 32 10 10 1 
1243 3 0 41 7 3 2 0 41 8 3 2 0 41 9 3 1 
248 3 0 7 4 8 3 0 7 5 9 2 0 7 6 10 2 
230 2 0 7 6 4 4 0 7 7 5 3 
1078 3 0 36 4 7 2 0 36 5 8 2 0 36 6 9 2 
1500 2 1 43 0 10 4 1 43 1 10 3 
99 2 0 3 8 1 3 0 3 9 1 2 
298 3 0 9 3 6 3 0 9 3 7 3 0 9 3 8 2 
299 3 0 9 3 8 2 0 9 3 9 2 0 9 3 10 2 
1186 4 0 39 5 6 2 0 39 6 7 2 0 39 7 8 2 0 39 8 9 1 
286 3 0 9 5 6 3 0 9 6 7 2 0 9 7 8 2 
814 1 0 30 5 12 1 
1272 3 0 42 8 5 2 0 42 9 5 2 0 42 9 6 2 
1118 4 0 37 2 6 2 0 37 2 7 2 0 37 2 8 2 0 37 2 9 2 
1119 1 0 37 2 9 2 
524 4 0 19 5 5 2 0 19 6 6 2 0 19 7 7 2 0 19 8 8 2 
525 2 0 19 8 8 2 0 19 9 9 2 
15 1 0 1 2 3 7 
148 1 0 5 5 2 6 
300 3 0 9 7 3 3 0 9 8 3 2 0 9 9 3 2 
1483 2 1 42 0 5 4 1 42 1 5 3 
63 1 0 3 3 2 10 
64 2 0 3 3 2 10 0 3 4 3 7 
65 1 0 3 4 3 7 
1410 3 0 50 4 4 2 0 50 5 5 2 0 50 6 6 2 
418 2 0 15 2 1 4 0 15 3 2 5 
419 3 0 15 3 2 5 0 15 4 3 3 0 15 5 4 2 
1148 4 0 38 5 7 2 0 38 6 8 2 0 38 7 9 2 0 38 8 10 2 
1149 1 0 38 8 10 2 
321 2 0 11 4 1 5 0 11 5 1 3 
322 1 0 11 5 1 3 
66 1 0 3 1 2 7 
345 2 0 11 7 9 2 0 11 8 10 1 
366 2 0 13 3 3 5 0 13 4 4 3 
367 1 0 13 4 4 3 
714 4 0 27 2 6 2 0 27 2 7 2 0 27 2 8 2 0 27 2 9 2 
715 2 0 27 2 9 2 0 27 2 10 2 
1575 2 1 50 0 1 4 1 50 1 1 3 
1502 2 1 44 0 0 4 1 44 1 0 3 
1579 2 1 50 0 5 4 1 50 1 5 3 
1447 2 1 39 0 5 4 1 39 1 5 3 
1134 4 0 38 5 3 2 0 38 6 4 2 0 38 7 5 2 0 38 8 6 2 
1135 3 0 38 8 6 2 0 38 9 7 2 0 38 10 8 2 
1079 4 0 36 7 10 2 0 36 8 11 2 0 36 9 12 2 0 36 10 13 1 
660 4 0 25 6 5 2 0 25 7 6 2 0 25 8 7 2 0 25 9 8 2 
661 1 0 25 9 8 2 
546 4 0 19 7 3 2 0 19 8 3 2 0 19 9 3 2 0 19 10 3 2 
547 1 0 19 10 3 2 
1182 4 0 39 5 5 2 0 39 6 6 2 0 39 7 7 2 0 39 8 8 2 
1183 1 0 39 8 8 2 
1537 2 1 46 0 11 4 1 46 1 11 3 
96 2 0 3 2 6 5 0 3 2 7 4 
97 3 0 3 2 7 4 0 3 2 8 3 0 3 2 9 2 
394 4 0 13 6 4 2 0 13 7 5 2 0 13 8 6 2 0 13 9 7 2 
395 2 0 13 9 7 2 0 13 10 8 1 
857 3 0 31 4 9 2 0 31 5 10 1 0 31 4 10 2 
668 4 0 25 6 4 2 0 25 7 5 2 0 25 8 6 2 0 25 9 7 2 
669 2 0 25 9 7 2 0 25 10 8 2 
1205 4 0 40 7 6 2 0 40 8 7 2 0 40 9 8 2 0 40 10 9 1 
837 3 0 31 0 2 2 0 31 0 3 2 0 31 0 4 2 
618 4 0 23 1 6 2 0 23 1 7 2 0 23 1 8 2 0 23 1 9 2 
619 1 0 23 1 9 2 
166 2 0 5 6 4 5 0 5 7 5 3 
167 3 0 5 7 5 3 0 5 8 6 3 0 5 9 7 2 
1534 2 1 46 0 8 4 1 46 1 8 3 
1188 4 0 39 4 6 2 0 39 5 7 2 0 39 6 8 2 0 39 7 9 2 
1189 1 0 39 7 9 2 
1081 4 0 36 3 10 2 0 36 3 11 2 0 36 3 12 2 0 36 3 13 1 
1374 4 0 47 3 0 1 0 47 4 0 2 0 47 5 0 2 0 47 6 0 1 
217 2 0 7 7 0 2 0 7 8 0 2 
697 3 0 27 2 3 3 0 27 3 4 2 0 27 4 5 2 
852 4 0 31 3 6 2 0 31 3 7 2 0 31 3 8 2 0 31 3 9 2 
853 2 0 31 3 9 2 0 31 3 10 2 
1089 1 0 36 5 13 2 
1150 4 0 38 1 7 2 0 38 1 8 2 0 38 1 9 2 0 38 1 10 1 
704 4 0 27 6 5 2 0 27 7 6 2 0 27 8 7 2 0 27 9 8 2 
705 2 0 27 9 8 2 0 27 10 9 1 
1190 4 0 39 2 6 2 0 39 2 7 2 0 39 2 8 2 0 39 2 9 2 
1191 1 0 39 2 9 2 
1464 2 1 40 0 10 4 1 40 1 10 3 
1425 2 1 37 0 7 4 1 37 1 7 3 
1416 3 0 50 5 3 2 0 50 6 3 2 0 50 7 3 2 
1306 4 0 43 2 5 2 0 43 3 6 2 0 43 4 7 2 0 43 2 6 2 
1307 3 0 43 2 6 2 0 43 3 7 2 0 43 2 7 2 
687 4 0 25 5 9 2 0 25 6 10 2 0 25 7 11 1 0 25 5 10 2 
518 2 0 19 2 3 4 0 19 3 4 3 
1046 4 0 36 6 6 2 0 36 7 7 2 0 36 8 8 2 0 36 9 9 2 
1047 3 0 36 9 9 2 0 36 10 10 2 0 36 11 11 2 
9
1123 3 0 37 3 8 2 0 37 4 9 2 0 37 3 9 2 
521 3 0 19 2 5 2 0 19 2 4 3 0 19 3 5 2 
1040 3 0 36 4 3 2 0 36 5 3 2 0 36 5 4 2 
468 2 0 17 1 2 3 0 17 1 3 5 
469 3 0 17 1 3 5 0 17 1 4 3 0 17 1 5 2 
484 4 0 17 6 1 2 0 17 7 1 2 0 17 8 1 2 0 17 9 1 2 
485 1 0 17 9 1 2 
1160 3 0 39 3 2 2 0 39 4 3 2 0 39 5 4 2 
600 3 0 23 2 0 3 0 23 3 0 3 0 23 4 0 2 
601 1 0 23 4 0 2 
610 3 0 23 5 3 2 0 23 4 2 2 0 23 5 2 2 
350 3 0 11 6 3 3 0 11 7 4 2 0 11 8 5 2 
818 3 0 31 2 1 2 0 31 3 2 2 0 31 4 3 2 
1399 3 0 49 4 2 2 0 49 5 3 2 0 49 6 4 2 
18 2 0 1 5 2 4 0 1 4 1 5 
19 2 0 1 4 1 5 0 1 5 1 4 
1405 4 0 49 2 4 2 0 49 3 5 2 0 49 4 6 2 0 49 2 5 2 
1406 3 0 49 2 5 2 0 49 3 6 2 0 49 2 6 2 
368 2 0 13 2 1 5 0 13 3 2 6 
369 2 0 13 3 2 6 0 13 4 3 4 
370 2 0 13 4 3 4 0 13 5 4 3 
1323 1 0 44 1 8 1 
859 3 0 32 3 3 2 0 32 4 4 2 0 32 5 5 2 
556 2 0 21 2 2 4 0 21 3 3 3 
1259 4 0 42 4 1 2 0 42 5 1 2 0 42 6 1 2 0 42 7 1 2 
1260 2 0 42 7 1 2 0 42 8 1 2 
1535 2 1 46 0 9 4 1 46 1 9 3 
1468 2 1 41 0 2 4 1 41 1 2 3 
584 4 0 21 6 2 2 0 21 7 2 2 0 21 8 2 2 0 21 9 2 2 
585 2 0 21 9 2 2 0 21 10 2 2 
249 3 0 7 4 9 2 0 7 5 10 2 0 7 4 10 2 
1310 4 0 44 4 4 2 0 44 5 5 2 0 44 6 6 2 0 44 7 7 2 
1311 1 0 44 7 7 2 
1473 2 1 41 0 7 4 1 41 1 7 3 
36 3 0 1 4 6 3 0 1 5 7 3 0 1 6 8 2 
37 2 0 1 6 8 2 0 1 7 9 2 
1043 3 0 36 11 2 2 0 36 12 2 2 0 36 12 3 2 
1098 3 0 37 4 1 2 0 37 5 1 2 0 37 6 1 2 
47 1 0 1 10 3 2 
83 1 0 3 3 5 6 
1354 4 0 46 4 4 2 0 46 5 5 2 0 46 6 6 2 0 46 7 7 2 
1355 1 0 46 7 7 2 
511 1 0 19 4 4 2 
1423 2 1 37 0 5 4 1 37 1 5 3 
820 3 0 31 5 3 2 0 31 4 2 2 0 31 5 2 2 
520 3 0 19 5 3 2 0 19 4 2 3 0 19 5 2 2 
1164 3 0 39 3 1 2 0 39 4 2 2 0 39 5 3 2 
616 4 0 23 6 5 2 0 23 7 6 2 0 23 8 7 2 0 23 9 8 2 
617 1 0 23 9 8 2 
207 1 0 7 2 3 10 
208 2 0 7 2 3 10 0 7 3 4 6 
209 2 0 7 3 4 6 0 7 4 5 5 
1267 4 0 42 5 3 2 0 42 6 3 2 0 42 7 3 2 0 42 8 3 2 
1268 2 0 42 8 3 2 0 42 9 3 2 
1180 3 0 39 1 3 2 0 39 1 4 2 0 39 1 5 2 
831 4 0 31 7 3 2 0 31 8 3 2 0 31 9 3 2 0 31 10 3 2 
832 2 0 31 10 3 2 0 31 11 3 1 
1449 2 1 39 0 7 4 1 39 1 7 3 
854 4 0 31 4 7 2 0 31 5 8 2 0 31 6 9 2 0 31 7 10 2 
855 1 0 31 7 10 2 
989 3 0 35 3 1 2 0 35 4 1 2 0 35 5 1 2 
183 2 0 5 6 9 2 0 5 7 10 2 
1162 3 0 39 3 0 2 0 39 4 0 2 0 39 5 0 2 
1344 4 0 45 1 3 2 0 45 1 4 2 0 45 1 5 2 0 45 1 6 2 
1345 2 0 45 1 6 2 0 45 1 7 1 
334 4 0 11 6 5 2 0 11 7 6 2 0 11 8 7 2 0 11 9 8 2 
335 1 0 11 9 8 2 
1093 3 0 37 0 2 1 0 37 0 3 2 0 37 0 4 2 
963 3 0 34 9 5 2 0 34 11 5 2 0 34 12 5 2 
823 4 0 31 6 1 2 0 31 7 1 2 0 31 8 1 2 0 31 9 1 2 
824 2 0 31 9 1 2 0 31 10 1 2 
734 3 0 29 4 2 2 0 29 3 1 2 0 29 4 1 2 
1547 2 1 47 0 9 4 1 47 1 9 3 
1202 3 0 40 4 3 2 0 40 5 4 2 0 40 6 5 2 
754 3 0 29 2 4 2 0 29 2 3 2 0 29 3 4 2 
239 3 0 7 8 5 2 0 7 9 6 2 0 7 10 7 1 
680 4 0 25 7 3 2 0 25 8 3 2 0 25 9 3 2 0 25 10 3 2 
681 1 0 25 10 3 2 
1428 2 1 37 0 10 4 1 37 1 10 3 
1496 2 1 43 0 6 4 1 43 1 6 3 
348 3 0 11 2 6 3 0 11 2 7 2 0 11 2 8 2 
1492 2 1 43 0 2 4 1 43 1 2 3 
733 3 0 29 2 1 2 0 29 3 2 2 0 29 4 3 2 
243 1 0 7 10 3 1 
953 4 0 34 6 5 2 0 34 7 6 2 0 34 8 7 2 0 34 9 8 2 
954 3 0 34 9 8 2 0 34 10 9 2 0 34 11 10 2 
154 2 0 5 5 5 5 0 5 6 6 4 
155 3 0 5 6 6 4 0 5 7 7 3 0 5 8 8 2 
1095 3 0 37 3 2 2 0 37 4 3 2 0 37 5 4 2 
46 3 0 1 7 3 3 0 1 8 3 2 0 1 9 3 2 
961 4 0 34 8 5 2 0 34 9 6 2 0 34 10 7 2 0 34 11 8 2 
962 1 0 34 11 8 2 
32 3 0 1 5 6 3 0 1 6 7 2 0 1 7 8 2 
398 4 0 13 6 2 2 0 13 7 2 2 0 13 8 2 2 0 13 9 2 2 
399 2 0 13 9 2 2 0 13 10 2 1 
356 4 0 11 4 7 2 0 11 5 8 2 0 11 6 9 2 0 11 7 10 2 
357 1 0 11 7 10 2 
320 1 0 11 3 1 7 
1059 4 0 36 8 4 2 0 36 9 4 2 0 36 10 4 2 0 36 11 4 2 
1060 1 0 36 11 4 2 
1352 4 0 46 4 1 2 0 46 5 1 2 0 46 6 1 2 0 46 7 1 2 
1353 1 0 46 7 1 2 
390 4 0 13 6 1 2 0 13 7 1 2 0 13 8 1 2 0 13 9 1 2 
391 1 0 13 9 1 2 
354 4 0 11 7 3 2 0 11 8 3 2 0 11 9 3 2 0 11 10 3 2 
355 1 0 11 10 3 2 
966 3 0 34 2 5 2 0 34 2 4 2 0 34 3 5 2 
1387 4 0 48 4 2 2 0 48 5 2 2 0 48 6 2 2 0 48 7 2 1 
827 4 0 31 6 2 2 0 31 7 2 2 0 31 8 2 2 0 31 9 2 2 
828 2 0 31 9 2 2 0 31 10 2 2 
1048 3 0 36 11 10 2 0 36 12 10 2 0 36 12 11 2 
1396 4 0 49 3 0 1 0 49 4 0 2 0 49 5 0 2 0 49 6 0 1 
1442 2 1 39 0 0 4 1 39 1 0 3 
10
1528 2 1 46 0 2 4 1 46 1 2 3 
1302 4 0 43 1 3 2 0 43 1 4 2 0 43 1 5 2 0 43 1 6 2 
1303 2 0 43 1 6 2 0 43 1 7 1 
1285 2 0 42 5 10 1 0 42 4 10 1 
1458 2 1 40 0 4 4 1 40 1 4 3 
753 3 0 29 1 2 2 0 29 1 3 2 0 29 1 4 2 
1142 1 0 38 10 5 2 
102 2 0 3 6 3 5 0 3 7 4 4 
103 3 0 3 7 4 4 0 3 8 5 3 0 3 9 6 3 
104 2 0 3 9 6 3 0 3 10 7 2 
1175 3 0 39 8 4 2 0 39 9 5 2 0 39 10 6 1 
942 4 0 33 4 9 2 0 33 5 10 1 0 33 4 10 2 0 33 4 11 1 
1176 3 0 39 9 4 2 0 39 10 4 1 0 39 10 5 1 
458 3 0 15 8 4 2 0 15 9 5 2 0 15 10 6 2 
1404 4 0 49 2 3 2 0 49 3 4 2 0 49 4 5 2 0 49 5 6 1 
1346 4 0 45 2 3 2 0 45 3 4 2 0 45 4 5 2 0 45 5 6 2 
1347 2 0 45 5 6 2 0 45 6 7 1 
218 2 0 7 5 5 4 0 7 6 6 3 
1362 4 0 46 6 3 2 0 46 7 3 2 0 46 8 3 2 0 46 7 4 2 
1363 3 0 46 7 4 2 0 46 8 4 2 0 46 8 5 2 
52 4 0 1 4 8 2 0 1 5 9 2 0 1 6 10 2 0 1 4 9 2 
53 3 0 1 4 9 2 0 1 5 10 2 0 1 4 10 2 
1184 4 0 39 0 5 2 0 39 0 6 2 0 39 0 7 2 0 39 0 8 2 
1185 1 0 39 0 8 2 
1007 4 0 35 9 4 2 0 35 10 4 2 0 35 11 4 2 0 35 12 4 2 
1008 1 0 35 12 4 2 
1571 2 1 49 0 9 4 1 49 1 9 3 
1381 3 0 47 0 3 2 0 47 0 4 2 0 47 0 5 2 
90 2 0 3 5 0 5 0 3 6 0 4 
91 3 0 3 6 0 4 0 3 7 0 3 0 3 8 0 2 
336 4 0 11 1 6 2 0 11 1 7 2 0 11 1 8 2 0 11 1 9 2 
337 1 0 11 1 9 2 
1525 2 1 45 0 11 4 1 45 1 11 3 
182 2 0 5 4 7 4 0 5 5 8 3 
1401 3 0 49 3 3 2 0 49 4 4 2 0 49 5 5 2 
1276 2 0 42 1 8 2 0 42 1 9 1 
1065 3 0 36 10 5 2 0 36 11 5 2 0 36 12 5 2 
1494 2 1 43 0 4 4 1 43 1 4 3 
943 3 0 34 3 1 2 0 34 4 1 2 0 34 5 1 2 
1512 2 1 44 0 10 4 1 44 1 10 3 
514 2 0 19 1 2 3 0 19 1 3 4 
1413 4 0 50 3 4 1 0 50 4 5 2 0 50 5 6 2 0 50 6 7 1 
1035 4 0 35 5 10 2 0 35 6 11 2 0 35 7 12 1 0 35 5 11 2 
280 2 0 9 5 4 4 0 9 6 5 3 
151 1 0 5 3 5 6 
919 3 0 33 9 4 2 0 33 10 5 2 0 33 11 6 2 
149 2 0 5 2 5 6 0 5 2 4 8 
150 1 0 5 2 4 8 
1412 3 0 50 2 5 2 0 50 2 6 2 0 50 2 7 2 
1488 2 1 42 0 10 4 1 42 1 10 3 
939 4 0 33 3 7 2 0 33 3 8 2 0 33 3 9 2 0 33 3 10 2 
940 1 0 33 3 10 2 
1219 3 0 40 2 4 2 0 40 3 5 2 0 40 4 6 2 
1214 3 0 40 9 5 2 0 40 10 5 2 0 40 10 6 2 
813 4 0 30 5 10 2 0 30 6 11 2 0 30 7 12 1 0 30 5 11 2 
466 2 0 17 2 1 3 0 17 3 2 5 
467 3 0 17 3 2 5 0 17 4 3 3 0 17 5 4 2 
192 1 0 7 1 2 7 
1429 2 1 37 0 11 4 1 37 1 11 3 
1386 3 0 48 4 4 2 0 48 5 5 2 0 48 6 6 2 
532 4 0 19 5 6 2 0 19 6 7 2 0 19 7 8 2 0 19 8 9 2 
533 1 0 19 8 9 2 
500 4 0 17 7 3 2 0 17 8 3 2 0 17 9 3 2 0 17 10 3 2 
501 1 0 17 10 3 2 
793 3 0 30 9 5 2 0 30 10 5 2 0 30 11 5 2 
278 3 0 9 5 5 3 0 9 6 6 3 0 9 7 7 2 
279 3 0 9 7 7 2 0 9 8 8 2 0 9 9 9 1 
1402 3 0 49 0 3 2 0 49 0 4 2 0 49 0 5 2 
1382 4 0 47 1 3 2 0 47 1 4 2 0 47 1 5 2 0 47 1 6 1 
1111 4 0 37 7 3 2 0 37 8 4 2 0 37 9 5 2 0 37 10 6 1 
1140 3 0 38 8 5 2 0 38 9 6 2 0 38 10 7 2 
40 3 0 1 2 6 3 0 1 2 7 3 0 1 2 8 2 
41 2 0 1 2 8 2 0 1 2 9 2 
1411 4 0 50 1 4 1 0 50 1 5 2 0 50 1 6 2 0 50 1 7 1 
550 3 0 19 8 4 2 0 19 9 5 2 0 19 10 6 2 
767 4 0 29 3 6 2 0 29 4 7 2 0 29 5 8 2 0 29 6 9 2 
768 2 0 29 6 9 2 0 29 7 10 2 
1068 3 0 36 2 4 2 0 36 3 5 2 0 36 4 6 2 
1417 3 0 50 6 4 2 0 50 7 4 2 0 50 7 5 2 
791 4 0 30 8 4 2 0 30 9 4 2 0 30 10 4 2 0 30 11 4 2 
792 1 0 30 11 4 2 
1130 4 0 38 6 1 2 0 38 7 1 2 0 38 8 1 2 0 38 9 1 2 
1131 1 0 38 9 1 2 
70 1 0 3 3 1 10 
71 2 0 3 3 1 10 0 3 4 1 7 
72 2 0 3 4 1 7 0 3 5 1 5 
73 1 0 3 5 1 5 
1463 2 1 40 0 9 4 1 40 1 9 3 
1115 4 0 37 1 6 2 0 37 1 7 2 0 37 1 8 2 0 37 1 9 1 
985 4 0 34 6 10 2 0 34 7 11 2 0 34 8 12 2 0 34 6 11 2 
986 3 0 34 6 11 2 0 34 6 12 1 0 34 7 12 2 
1379 4 0 47 2 3 2 0 47 3 4 2 0 47 4 5 2 0 47 5 6 1 
1158 4 0 38 4 9 2 0 38 5 10 2 0 38 6 11 1 0 38 4 10 2 
67 1 0 3 1 3 10 
68 2 0 3 1 3 10 0 3 1 4 7 
69 1 0 3 1 4 7 
999 4 0 35 6 2 2 0 35 7 2 2 0 35 8 2 2 0 35 9 2 2 
1000 3 0 35 9 2 2 0 35 10 2 2 0 35 11 2 2 
163 2 0 5 8 1 3 0 5 9 1 2 
1113 3 0 37 9 4 2 0 37 10 4 1 0 37 10 5 1 
250 1 0 9 2 0 10 
251 2 0 9 2 0 10 0 9 3 0 7 
252 2 0 9 3 0 7 0 9 4 0 5 
253 1 0 9 4 0 5 
1237 2 0 41 7 6 2 0 41 8 7 1 
1061 4 0 36 9 5 2 0 36 10 6 2 0 36 11 7 2 0 36 12 8 2 
1062 1 0 36 12 8 2 
1037 3 0 36 3 1 2 0 36 4 1 2 0 36 5 1 2 
1435 2 1 38 0 5 4 1 38 1 5 3 
1340 4 0 45 0 3 2 0 45 0 4 2 0 45 0 5 2 0 45 0 6 2 
1341 1 0 45 0 6 2 
749 3 0 29 8 4 2 0 29 9 5 2 0 29 10 6 2 
11
302 3 0 9 4 7 3 0 9 5 8 2 0 9 6 9 2 
219 2 0 7 7 7 2 0 7 8 8 2 
1069 3 0 36 2 5 2 0 36 3 6 2 0 36 2 6 2 
918 4 0 33 8 4 2 0 33 9 5 2 0 33 10 6 2 0 33 11 7 1 
452 4 0 15 3 6 2 0 15 3 7 2 0 15 3 8 2 0 15 3 9 2 
453 2 0 15 3 9 2 0 15 3 10 2 
1491 2 1 43 0 1 4 1 43 1 1 3 
879 3 0 32 10 5 2 0 32 11 5 2 0 32 11 6 1 
596 3 0 21 8 4 2 0 21 9 5 2 0 21 10 6 2 
185 3 0 5 9 5 2 0 5 10 5 2 0 5 10 6 2 
1372 4 0 46 3 6 2 0 46 4 7 2 0 46 5 8 2 0 46 3 7 2 
1373 3 0 46 3 7 2 0 46 4 8 2 0 46 3 8 2 
1172 4 0 39 6 3 2 0 39 7 4 2 0 39 8 5 2 0 39 9 6 2 
1173 1 0 39 9 6 2 
1277 4 0 42 3 5 2 0 42 4 6 2 0 42 5 7 2 0 42 6 8 2 
1278 2 0 42 6 8 2 0 42 7 9 2 
287 1 0 9 8 9 2 
138 1 0 5 3 1 11 
139 2 0 5 3 1 11 0 5 4 1 7 
140 2 0 5 4 1 7 0 5 5 1 5 
141 1 0 5 5 1 5 
834 4 0 31 9 4 2 0 31 10 4 2 0 31 11 4 1 0 31 10 5 2 
1005 4 0 35 8 4 2 0 35 9 5 2 0 35 10 6 2 0 35 11 7 2 
1006 1 0 35 11 7 2 
229 2 0 7 7 8 2 0 7 8 9 2 
1070 4 0 36 6 7 2 0 36 7 8 2 0 36 8 9 2 0 36 9 10 2 
1071 3 0 36 9 10 2 0 36 10 11 2 0 36 11 12 1 
1533 2 1 46 0 7 4 1 46 1 7 3 
1227 4 0 40 3 7 2 0 40 3 8 2 0 40 3 9 2 0 40 3 10 2 
1228 1 0 40 3 10 2 
1530 2 1 46 0 4 4 1 46 1 4 3 
362 1 0 13 2 0 7 
365 1 0 13 2 2 7 
314 2 0 11 2 1 6 0 11 3 2 7 
315 2 0 11 3 2 7 0 11 4 3 5 
316 2 0 11 4 3 5 0 11 5 4 3 
1255 4 0 41 2 5 2 0 41 2 6 2 0 41 2 7 2 0 41 2 8 2 
1256 1 0 41 2 8 2 
1414 3 0 50 3 5 2 0 50 3 6 2 0 50 3 7 2 
284 3 0 9 6 1 3 0 9 7 1 2 0 9 8 1 2 
1279 4 0 42 2 5 2 0 42 2 6 2 0 42 2 7 2 0 42 2 8 2 
1280 2 0 42 2 8 2 0 42 2 9 2 
1049 4 0 36 6 5 2 0 36 7 6 2 0 36 8 7 2 0 36 9 8 2 
1050 2 0 36 9 8 2 0 36 10 9 2 
642 3 0 23 9 4 2 0 23 10 4 2 0 23 10 5 2 
1249 4 0 41 1 3 2 0 41 1 4 2 0 41 1 5 2 0 41 1 6 2 
1250 3 0 41 1 6 2 0 41 1 7 2 0 41 1 8 1 
1342 4 0 45 3 3 2 0 45 4 4 2 0 45 5 5 2 0 45 6 6 2 
1343 1 0 45 6 6 2 
100 2 0 3 5 6 4 0 3 6 7 3 
1144 3 0 38 2 4 2 0 38 3 5 2 0 38 4 6 2 
833 4 0 31 8 4 2 0 31 9 5 2 0 31 10 6 2 0 31 11 7 1 
232 2 0 7 2 6 4 0 7 2 7 3 
13 2 0 1 4 2 5 0 1 5 3 4 
14 1 0 1 5 3 4 
213 2 0 7 2 5 5 0 7 2 4 7 
214 2 0 7 2 4 7 0 7 3 5 5 
215 1 0 7 3 5 5 
1283 3 0 42 3 7 2 0 42 3 8 2 0 42 3 9 2 
165 2 0 5 7 8 3 0 5 8 9 2 
920 2 0 33 10 4 2 0 33 11 4 2 
482 4 0 17 1 6 2 0 17 1 7 2 0 17 1 8 2 0 17 1 9 2 
483 1 0 17 1 9 2 
686 4 0 25 9 4 2 0 25 10 4 2 0 25 11 4 1 0 25 10 5 2 
1569 2 1 49 0 7 4 1 49 1 7 3 
1443 2 1 39 0 1 4 1 39 1 1 3 
835 1 0 31 11 6 1 
1370 4 0 46 2 5 2 0 46 2 6 2 0 46 2 7 2 0 46 2 8 2 
1371 1 0 46 2 8 2 
693 1 0 27 5 4 2 
1364 4 0 46 3 4 1 0 46 4 5 2 0 46 5 6 2 0 46 6 7 2 
1461 2 1 40 0 7 4 1 40 1 7 3 
1497 2 1 43 0 7 4 1 43 1 7 3 
1426 2 1 37 0 8 4 1 37 1 8 3 
1470 2 1 41 0 4 4 1 41 1 4 3 
862 4 0 32 6 1 2 0 32 7 1 2 0 32 8 1 2 0 32 9 1 2 
863 2 0 32 9 1 2 0 32 10 1 1 
1446 2 1 39 0 4 4 1 39 1 4 3 
162 2 0 5 6 1 4 0 5 7 1 3 
296 3 0 9 6 3 3 0 9 7 4 3 0 9 8 5 2 
297 3 0 9 8 5 2 0 9 9 6 2 0 9 10 7 2 
1086 4 0 36 5 10 2 0 36 6 11 2 0 36 7 12 2 0 36 8 13 2 
1087 2 0 36 8 13 2 0 36 7 13 1 
540 4 0 19 4 6 2 0 19 5 7 2 0 19 6 8 2 0 19 7 9 2 
541 2 0 19 7 9 2 0 19 8 10 1 
1211 4 0 40 7 4 2 0 40 8 5 2 0 40 9 6 2 0 40 10 7 2 
1212 1 0 40 10 7 2 
1009 3 0 35 10 5 2 0 35 11 5 2 0 35 11 6 2 
604 3 0 23 2 1 2 0 23 3 2 3 0 23 4 3 2 
1322 4 0 44 1 4 1 0 44 1 5 2 0 44 1 6 2 0 44 1 7 2 
343 2 0 11 9 2 2 0 11 10 2 1 
1324 4 0 44 3 5 2 0 44 4 6 2 0 44 5 7 2 0 44 6 8 2 
1325 1 0 44 6 8 2 
323 1 0 11 2 3 7 
991 4 0 35 5 0 2 0 35 6 0 2 0 35 7 0 2 0 35 8 0 2 
992 3 0 35 8 0 2 0 35 9 0 2 0 35 10 0 2 
728 4 0 27 8 4 2 0 27 9 5 2 0 27 10 6 2 0 27 11 7 1 
640 3 0 23 8 4 2 0 23 9 5 2 0 23 10 6 2 
1036 1 0 35 5 12 1 
269 1 0 9 2 3 9 
270 2 0 9 2 3 9 0 9 3 4 6 
271 2 0 9 3 4 6 0 9 4 5 4 
1088 4 0 36 5 11 2 0 36 6 12 2 0 36 5 12 2 0 36 6 13 1 
1319 3 0 44 7 4 2 0 44 8 4 2 0 44 8 5 2 
1019 4 0 35 7 8 2 0 35 8 9 2 0 35 9 10 2 0 35 10 11 1 
396 4 0 13 2 6 2 0 13 2 7 2 0 13 2 8 2 0 13 2 9 2 
397 2 0 13 2 9 2 0 13 2 10 1 
22 3 0 1 5 0 3 0 1 6 0 3 0 1 7 0 2 
23 2 0 1 7 0 2 0 1 8 0 2 
1253 4 0 41 2 4 2 0 41 3 5 2 0 41 4 6 2 0 41 5 7 2 
1254 2 0 41 5 7 2 0 41 6 8 2 
1090 3 0 37 2 1 1 0 37 3 3 2 0 37 4 4 2 
1012 3 0 35 1 2 2 0 35 2 3 2 0 35 3 4 2 
1168 4 0 39 6 4 2 0 39 7 5 2 0 39 8 6 2 0 39 9 7 2 
1169 1 0 39 9 7 2 
12
931 4 0 33 1 5 2 0 33 1 6 2 0 33 1 7 2 0 33 1 8 2 
932 3 0 33 1 8 2 0 33 1 9 2 0 33 1 10 1 
119 3 0 3 5 8 3 0 3 6 9 3 0 3 7 10 2 
120 4 0 3 7 10 2 0 3 5 9 3 0 3 5 10 2 0 3 6 10 2 
121 1 0 3 6 10 2 
1559 2 1 48 0 9 4 1 48 1 9 3 
304 4 0 9 8 4 2 0 9 9 4 2 0 9 10 4 2 0 9 9 5 2 
305 3 0 9 9 5 2 0 9 10 5 1 0 9 10 6 2 
472 2 0 17 2 3 5 0 17 3 4 3 
473 2 0 17 3 4 3 0 17 4 5 2 
861 3 0 32 5 4 2 0 32 4 3 2 0 32 5 3 2 
1558 2 1 48 0 8 4 1 48 1 8 3 
1187 4 0 39 1 6 2 0 39 1 7 2 0 39 1 8 2 0 39 1 9 1 
983 4 0 34 5 9 2 0 34 5 10 2 0 34 5 11 2 0 34 5 12 2 
984 1 0 34 5 12 2 
561 2 0 21 1 4 2 0 21 1 5 2 
856 3 0 31 4 8 2 0 31 5 9 2 0 31 6 10 2 
806 4 0 30 3 6 2 0 30 4 7 2 0 30 5 8 2 0 30 6 9 2 
807 3 0 30 6 9 2 0 30 7 10 2 0 30 8 11 2 
1039 3 0 36 3 2 2 0 36 4 2 2 0 36 5 2 2 
1116 4 0 37 4 6 2 0 37 5 7 2 0 37 6 8 2 0 37 7 9 2 
1117 1 0 37 7 9 2 
38 3 0 1 6 4 3 0 1 7 5 3 0 1 8 6 2 
39 2 0 1 8 6 2 0 1 9 7 2 
1369 1 0 46 1 8 1 
708 4 0 27 6 1 2 0 27 7 1 2 0 27 8 1 2 0 27 9 1 2 
709 2 0 27 9 1 2 0 27 10 1 1 
1564 2 1 49 0 2 4 1 49 1 2 3 
1437 2 1 38 0 7 4 1 38 1 7 3 
887 4 0 32 4 6 2 0 32 5 7 2 0 32 6 8 2 0 32 7 9 2 
888 3 0 32 7 9 2 0 32 8 10 2 0 32 9 11 2 
308 1 0 11 2 0 8 
309 2 0 11 2 0 8 0 11 3 0 6 
1515 2 1 45 0 1 4 1 45 1 1 3 
1147 4 0 38 6 7 2 0 38 7 8 2 0 38 8 9 2 0 38 9 10 1 
929 4 0 33 4 5 2 0 33 5 6 2 0 33 6 7 2 0 33 7 8 2 
930 3 0 33 7 8 2 0 33 8 9 2 0 33 9 10 1 
311 1 0 11 2 2 8 
312 2 0 11 2 2 8 0 11 3 3 6 
927 4 0 33 0 5 2 0 33 0 6 2 0 33 0 7 2 0 33 0 8 2 
928 2 0 33 0 8 2 0 33 0 9 1 
380 2 0 13 2 5 3 0 13 2 4 4 
1562 2 1 49 0 0 4 1 49 1 0 3 
776 3 0 30 5 4 2 0 30 4 3 2 0 30 5 3 2 
1552 2 1 48 0 2 4 1 48 1 2 3 
1420 2 1 37 0 2 4 1 37 1 2 3 
1122 3 0 37 3 7 2 0 37 4 8 2 0 37 5 9 2 
1482 2 1 42 0 4 4 1 42 1 4 3 
724 4 0 27 7 3 2 0 27 8 3 2 0 27 9 3 2 0 27 10 3 2 
725 1 0 27 10 3 2 
234 2 0 7 6 2 4 0 7 7 2 3 
1216 4 0 40 6 7 2 0 40 7 8 2 0 40 8 9 2 0 40 9 10 1 
1557 2 1 48 0 7 4 1 48 1 7 3 
972 3 0 34 2 6 2 0 34 2 7 2 0 34 2 8 2 
812 3 0 30 4 9 2 0 30 4 10 2 0 30 4 11 2 
757 4 0 29 0 5 2 0 29 0 6 2 0 29 0 7 2 0 29 0 8 2 
758 1 0 29 0 8 2 
156 2 0 5 5 4 5 0 5 6 5 4 
157 3 0 5 6 5 4 0 5 7 6 3 0 5 8 7 3 
158 2 0 5 8 7 3 0 5 9 8 2 
1127 3 0 38 4 3 2 0 38 5 4 2 0 38 6 5 2 
422 2 0 15 3 1 5 0 15 4 1 3 
423 2 0 15 4 1 3 0 15 5 1 2 
1563 2 1 49 0 1 4 1 49 1 1 3 
562 3 0 21 3 1 4 0 21 4 1 2 0 21 5 1 2 
563 1 0 21 5 1 2 
1511 2 1 44 0 9 4 1 44 1 9 3 
971 3 0 34 4 6 2 0 34 5 7 2 0 34 6 8 2 
294 3 0 9 4 6 3 0 9 5 7 2 0 9 6 8 2 
976 4 0 34 2 9 2 0 34 2 10 2 0 34 2 11 2 0 34 2 12 1 
761 4 0 29 1 5 2 0 29 1 6 2 0 29 1 7 2 0 29 1 8 2 
762 2 0 29 1 8 2 0 29 1 9 2 
695 1 0 27 1 5 2 
530 4 0 19 6 1 2 0 19 7 1 2 0 19 8 1 2 0 19 9 1 2 
531 1 0 19 9 1 2 
1506 2 1 44 0 4 4 1 44 1 4 3 
464 2 0 17 2 2 5 0 17 3 3 4 
465 2 0 17 3 3 4 0 17 4 4 2 
233 2 0 7 2 8 2 0 7 2 9 2 
842 4 0 31 5 5 2 0 31 6 6 2 0 31 7 7 2 0 31 8 8 2 
843 2 0 31 8 8 2 0 31 9 9 1 
634 4 0 23 3 6 2 0 23 3 7 2 0 23 3 8 2 0 23 3 9 2 
635 2 0 23 3 9 2 0 23 3 10 2 
3 2 0 1 1 2 6 0 1 1 3 7 
4 2 0 1 1 3 7 0 1 1 4 5 
5 1 0 1 1 4 5 
694 3 0 27 1 2 2 0 27 1 3 3 0 27 1 4 2 
1329 3 0 44 3 7 2 0 44 4 8 2 0 44 3 8 2 
558 2 0 21 2 1 3 0 21 3 2 4 
240 2 0 7 3 6 4 0 7 3 7 3 
1368 4 0 46 1 4 1 0 46 1 5 2 0 46 1 6 2 0 46 1 7 2 
802 4 0 30 4 6 2 0 30 5 7 2 0 30 6 8 2 0 30 7 9 2 
803 3 0 30 7 9 2 0 30 8 10 2 0 30 9 11 1 
551 3 0 19 4 8 2 0 19 4 9 2 0 19 4 10 2 
1573 2 1 49 0 11 4 1 49 1 11 3 
1332 4 0 45 3 2 1 0 45 4 3 2 0 45 5 4 2 0 45 6 5 2 
1556 2 1 48 0 6 4 1 48 1 6 3 
1196 3 0 40 3 1 1 0 40 4 1 2 0 40 5 1 2 
1487 2 1 42 0 9 4 1 42 1 9 3 
1114 4 0 37 5 6 2 0 37 6 7 2 0 37 7 8 2 0 37 8 9 1 
815 3 0 31 2 0 2 0 31 3 0 2 0 31 4 0 2 
1080 3 0 36 3 7 2 0 36 3 8 2 0 36 3 9 2 
27 3 0 1 7 6 2 0 1 8 7 2 0 1 9 8 2 
798 4 0 30 5 6 2 0 30 6 7 2 0 30 7 8 2 0 30 8 9 2 
799 2 0 30 8 9 2 0 30 9 10 2 
1532 2 1 46 0 6 4 1 46 1 6 3 
1565 2 1 49 0 3 4 1 49 1 3 3 
475 3 0 17 2 5 2 0 17 2 4 3 0 17 3 5 2 
210 2 0 7 5 3 5 0 7 4 2 7 
211 2 0 7 4 2 7 0 7 5 2 5 
212 1 0 7 5 2 5 
236 2 0 7 4 6 4 0 7 5 7 3 
1555 2 1 48 0 5 4 1 48 1 5 3 
13
381 1 0 13 3 5 3 
900 3 0 33 2 0 2 0 33 3 0 2 0 33 4 0 2 
1529 2 1 46 0 3 4 1 46 1 3 3 
170 2 0 5 6 2 5 0 5 7 2 3 
171 3 0 5 7 2 3 0 5 8 2 3 0 5 9 2 2 
933 4 0 33 3 5 2 0 33 4 6 2 0 33 5 7 2 0 33 6 8 2 
934 3 0 33 6 8 2 0 33 7 9 2 0 33 8 10 2 
997 4 0 35 6 4 2 0 35 7 5 2 0 35 8 6 2 0 35 9 7 2 
998 3 0 35 9 7 2 0 35 10 8 2 0 35 11 9 2 
1032 4 0 35 4 8 2 0 35 5 9 2 0 35 6 10 2 0 35 7 11 2 
1033 1 0 35 7 11 2 
1265 4 0 42 4 3 2 0 42 5 4 2 0 42 6 5 2 0 42 7 6 2 
1266 3 0 42 7 6 2 0 42 8 7 2 0 42 9 8 1 
970 3 0 34 1 9 2 0 34 1 10 2 0 34 1 11 1 
1493 2 1 43 0 3 4 1 43 1 3 3 
351 2 0 11 9 6 2 0 11 10 7 2 
1548 2 1 47 0 10 4 1 47 1 10 3 
340 4 0 11 5 6 2 0 11 6 7 2 0 11 7 8 2 0 11 8 9 2 
341 1 0 11 8 9 2 
732 3 0 29 2 0 2 0 29 3 0 2 0 29 4 0 2 
1231 2 0 40 5 11 1 0 40 4 11 1 
266 1 0 9 3 1 9 
267 2 0 9 3 1 9 0 9 4 1 6 
268 2 0 9 4 1 6 0 9 5 1 4 
1521 2 1 45 0 7 4 1 45 1 7 3 
789 4 0 30 7 4 2 0 30 8 5 2 0 30 9 6 2 0 30 10 7 2 
790 2 0 30 10 7 2 0 30 11 8 2 
1155 4 0 38 3 7 2 0 38 4 8 2 0 38 5 9 2 0 38 6 10 2 
1156 2 0 38 6 10 2 0 38 7 11 1 
1242 3 0 41 6 3 2 0 41 7 4 2 0 41 8 5 2 
1358 4 0 46 4 3 2 0 46 5 4 2 0 46 6 5 2 0 46 7 6 2 
1359 2 0 46 7 6 2 0 46 8 7 1 
410 4 0 13 8 4 2 0 13 9 4 2 0 13 10 4 2 0 13 9 5 2 
411 3 0 13 9 5 2 0 13 10 5 2 0 13 10 6 2 
1394 3 0 48 3 5 2 0 48 4 6 2 0 48 5 7 2 
1308 4 0 44 4 1 2 0 44 5 1 2 0 44 6 1 2 0 44 7 1 2 
1309 1 0 44 7 1 2 
1082 4 0 36 4 8 2 0 36 5 9 2 0 36 6 10 2 0 36 7 11 2 
1083 3 0 36 7 11 2 0 36 8 12 2 0 36 9 13 2 
1398 3 0 49 4 1 2 0 49 5 1 2 0 49 6 1 2 
580 4 0 21 6 4 2 0 21 7 5 2 0 21 8 6 2 0 21 9 7 2 
581 2 0 21 9 7 2 0 21 10 8 2 
1471 2 1 41 0 5 4 1 41 1 5 3 
110 2 0 3 4 6 5 0 3 5 7 4 
111 3 0 3 5 7 4 0 3 6 8 3 0 3 7 9 2 
641 3 0 23 4 8 2 0 23 4 9 2 0 23 4 10 2 
902 3 0 33 3 1 2 0 33 4 1 2 0 33 5 1 2 
1084 4 0 36 4 9 2 0 36 4 10 2 0 36 4 11 2 0 36 4 12 2 
1085 2 0 36 4 12 2 0 36 4 13 2 
1318 3 0 44 6 4 2 0 44 7 5 2 0 44 8 6 2 
1014 4 0 35 5 5 2 0 35 6 6 2 0 35 7 7 2 0 35 8 8 2 
1015 3 0 35 8 8 2 0 35 9 9 2 0 35 10 10 1 
594 4 0 21 4 7 2 0 21 5 8 2 0 21 6 9 2 0 21 7 10 2 
595 1 0 21 7 10 2 
74 1 0 3 2 3 10 
75 2 0 3 2 3 10 0 3 3 4 7 
76 2 0 3 3 4 7 0 3 4 5 5 
77 1 0 3 4 5 5 
292 3 0 9 6 2 3 0 9 7 2 2 0 9 8 2 2 
258 1 0 9 2 1 7 
977 3 0 34 8 9 2 0 34 9 10 2 0 34 10 11 1 
1460 2 1 40 0 6 4 1 40 1 6 3 
1392 4 0 48 1 4 1 0 48 1 5 2 0 48 1 6 2 0 48 1 7 1 
519 1 0 19 4 5 2 
1513 2 1 44 0 11 4 1 44 1 11 3 
342 3 0 11 6 2 3 0 11 7 2 2 0 11 8 2 2 
777 4 0 30 6 1 2 0 30 7 1 2 0 30 8 1 2 0 30 9 1 2 
778 2 0 30 9 1 2 0 30 10 1 1 
115 2 0 3 4 9 3 0 3 4 10 2 
1438 2 1 38 0 8 4 1 38 1 8 3 
92 2 0 3 5 5 5 0 3 6 6 4 
93 3 0 3 6 6 4 0 3 7 7 3 0 3 8 8 2 
1377 3 0 47 4 2 2 0 47 5 3 2 0 47 6 4 2 
819 3 0 31 3 1 2 0 31 4 1 2 0 31 5 1 2 
1170 4 0 39 6 2 2 0 39 7 2 2 0 39 8 2 2 0 39 9 2 2 
1171 1 0 39 9 2 2 
508 2 0 19 2 0 4 0 19 3 0 3 
254 1 0 9 2 2 10 
255 2 0 9 2 2 10 0 9 3 3 7 
256 2 0 9 3 3 7 0 9 4 4 5 
257 1 0 9 4 4 5 
674 4 0 25 4 6 2 0 25 5 7 2 0 25 6 8 2 0 25 7 9 2 
675 2 0 25 7 9 2 0 25 8 10 2 
502 4 0 17 4 7 2 0 17 5 8 2 0 17 6 9 2 0 17 7 10 2 
503 1 0 17 7 10 2 
113 2 0 3 9 5 3 0 3 10 6 2 
1232 4 0 41 3 0 1 0 41 4 0 2 0 41 5 0 2 0 41 6 0 2 
1244 3 0 41 8 4 2 0 41 9 4 1 0 41 9 5 1 
1444 2 1 39 0 2 4 1 39 1 2 3 
180 2 0 5 7 3 4 0 5 8 3 3 
1096 3 0 37 3 0 2 0 37 4 0 2 0 37 5 0 2 
874 4 0 32 7 4 2 0 32 8 4 2 0 32 9 4 2 0 32 10 4 2 
875 2 0 32 10 4 2 0 32 11 4 2 
1350 4 0 45 2 5 2 0 45 3 6 2 0 45 4 7 2 0 45 2 6 2 
1351 3 0 45 2 6 2 0 45 3 7 2 0 45 2 7 2 
1545 2 1 47 0 7 4 1 47 1 7 3 
1356 4 0 46 4 2 2 0 46 5 2 2 0 46 6 2 2 0 46 7 2 2 
1357 2 0 46 7 2 2 0 46 8 2 1 
272 2 0 9 5 3 4 0 9 4 2 6 
273 2 0 9 4 2 6 0 9 5 2 4 
1286 4 0 43 3 0 1 0 43 4 0 2 0 43 5 0 2 0 43 6 0 2 
690 3 0 27 2 2 3 0 27 3 3 3 0 27 4 4 2 
691 1 0 27 4 4 2 
1030 4 0 35 3 7 2 0 35 3 8 2 0 35 3 9 2 0 35 3 10 2 
1031 2 0 35 3 10 2 0 35 3 11 2 
995 4 0 35 6 1 2 0 35 7 1 2 0 35 8 1 2 0 35 9 1 2 
996 3 0 35 9 1 2 0 35 10 1 2 0 35 11 1 2 
1281 4 0 42 3 6 2 0 42 4 7 2 0 42 5 8 2 0 42 6 9 2 
1282 1 0 42 6 9 2 
759 4 0 29 4 5 2 0 29 5 6 2 0 29 6 7 2 0 29 7 8 2 
760 2 0 29 7 8 2 0 29 8 9 2 
654 3 0 25 5 3 2 0 25 4 2 2 0 25 5 2 2 
1218 4 0 40 1 7 2 0 40 1 8 2 0 40 1 9 2 0 40 1 10 1 
